53.622 49.458
52.439 45.381
44.160 38.324
36.586 33.443
35.212 32.013
35.378 32.853
39.410 32.281
49.338 29.700
57.999 28.637
58.865 25.192
57.812 18.799
59.202 16.062
60.039 12.355
61.640 7.752
62.699 7.818
63.104 9.310
68.492 14.230
76.765 22.090
82.198 30.308
85.924 38.690
89.345 43.493
89.159 45.870
84.423 47.872
80.786 52.921
77.337 60.537
70.867 66.022
62.549 68.876
53.319 68.408
46.069 65.295
44.912 62.511
46.494 62.066
46.628 62.446
46.456 63.012
45.811 60.985
50.551 58.196
55.473 57.590
55.093 56.837
55.757 56.205
56.570 56.837
54.356 57.441
50.468 59.973
50.038 63.220
53.874 59.892
58.615 50.726
66.304 42.435
73.432 40.514
74.630 40.403
74.111 38.542
74.555 38.793
76.564 43.600
80.915 53.739
86.982 62.606
94.527 67.333
101.270 70.091
103.915 71.948
101.608 67.440
93.722 56.904
89.153 48.754
90.081 45.652
86.734 49.188
78.004 52.394
67.566 50.988
63.944 44.755
69.310 37.662
73.423 35.826
71.304 33.944
69.565 30.333
67.367 26.158
62.013 24.542
58.223 31.218
54.901 36.179
53.470 35.183
54.897 36.305
55.956 42.107
54.262 52.136
54.307 63.003
53.680 72.330
50.008 77.872
47.282 79.339
45.698 79.490
49.084 80.106
55.547 80.343
60.483 81.652
63.363 83.698
64.598 87.218
65.031 92.081
65.080 93.996
62.096 93.577
54.576 91.383
50.218 88.584
47.153 85.264
39.625 79.933
35.145 71.217
33.074 58.822
30.091 48.438
29.714 45.683
28.205 50.000
23.606 55.402
17.795 53.334
12.769 49.235
10.754 49.583
10.217 49.889
12.816 52.940
21.617 60.592
30.230 69.048
31.379 75.455
28.104 83.259
24.289 92.886
28.119 94.896
34.356 93.051
32.954 90.264
35.020 86.182
43.864 83.305
50.672 78.367
56.095 74.674
62.612 76.615
63.455 78.134
56.992 74.940
56.952 66.874
61.930 57.460
58.368 52.887
49.058 46.641
45.138 36.353
46.022 28.798
46.208 26.275
46.727 27.485
49.371 29.494
54.975 27.212
62.235 20.136
71.940 19.483
80.742 23.333
85.772 25.014
89.646 27.498
92.973 29.356
95.168 29.398
97.661 28.515
101.702 28.570
103.985 29.970
102.262 32.236
99.339 38.376
100.476 47.656
102.461 52.558
101.532 53.723
100.610 58.096
99.805 66.691
99.565 76.330
100.092 85.211
100.094 91.139
97.737 91.159
91.493 90.716
86.038 95.911
83.802 101.023
82.807 99.274
82.837 94.719
83.879 91.528
85.289 84.855
85.531 74.883
85.125 64.838
84.115 56.108
82.733 51.355
81.405 50.725
80.455 53.585
79.909 56.306
79.420 57.828
78.134 63.001
75.494 69.228
69.139 73.088
60.723 71.568
52.287 64.321
42.465 62.328
34.591 66.937
29.458 70.643
27.369 73.503
23.994 79.538
17.523 84.247
14.488 85.728
14.439 88.679
14.698 94.395
12.976 98.889
10.347 99.490
10.594 100.227
12.761 100.814
11.411 94.112
12.638 81.504
17.978 73.653
23.041 68.999
30.428 61.742
36.751 51.495
44.277 43.744
55.741 42.664
63.773 42.585
64.563 39.974
63.795 38.509
63.468 38.648
64.256 41.020
66.002 47.722
65.995 53.139
64.426 53.594
62.333 54.741
65.837 56.844
77.319 57.370
87.146 59.214
88.702 60.360
86.241 57.228
85.537 53.773
82.919 52.307
75.303 51.328
67.241 49.601
61.310 43.602
58.522 36.903
58.486 35.718
57.234 35.961
49.265 38.339
39.251 41.915
32.544 41.490
28.857 40.581
28.104 38.839
28.250 33.634
23.956 24.515
18.375 14.491
18.745 9.688
20.093 9.118
20.310 9.359
25.483 13.312
34.361 20.961
40.045 25.836
41.284 26.501
40.604 28.942
39.003 32.978
36.003 34.325
32.847 38.214
32.303 47.135
34.225 55.598
33.915 58.628
33.962 57.828
35.629 57.130
35.095 56.330
31.663 53.889
31.213 52.103
37.326 52.583
44.725 53.192
47.861 54.182
48.197 54.891
48.831 55.382
48.886 55.630
48.207 54.869
48.725 53.355
50.123 54.372
49.208 55.191
49.209 54.707
50.541 58.002
50.164 61.747
49.700 62.282
50.410 61.223
51.824 59.648
52.037 59.511
52.125 60.226
52.587 59.658
52.460 59.834
51.654 60.411
51.676 59.559
52.455 59.221
49.933 56.909
47.627 54.410
48.740 54.638
50.231 55.629
51.177 55.996
51.965 54.606
52.080 55.485
51.831 57.020
51.976 56.718
51.939 57.559
52.706 58.220
53.975 58.298
53.578 59.907
53.236 60.972
53.409 61.155
52.756 62.485
52.538 63.175
54.373 60.205
56.462 56.202
56.372 56.756
55.698 58.658
55.914 58.867
55.452 59.951
53.690 60.560
52.262 56.457
51.755 47.720
55.013 45.957
58.604 49.366
58.621 47.983
58.412 46.165
58.831 46.040
58.628 44.952
57.199 44.104
57.445 44.031
57.538 43.588
55.499 42.688
54.222 41.065
53.058 40.251
52.279 40.056
50.773 39.805
48.151 39.486
47.249 39.100
47.319 39.568
47.581 40.039
48.245 39.878
50.177 40.429
53.242 42.619
55.992 46.384
57.252 49.104
57.635 50.357
57.946 51.913
57.455 51.874
55.864 51.288
54.157 51.832
54.341 52.242
54.528 51.397
53.735 50.707
54.341 51.300
54.566 53.695
53.241 54.320
53.265 51.388
54.026 51.107
55.106 53.315
55.658 54.667
54.028 53.999
52.996 52.482
52.794 52.481
52.631 53.039
53.268 53.746
54.538 55.168
55.346 56.089
55.410 56.364
55.253 56.172
54.966 56.132
54.993 56.837
54.868 58.494
54.456 60.208
54.867 59.942
54.824 60.293
49.339 64.379
41.495 66.500
39.430 66.647
40.803 68.448
40.622 68.418
39.643 67.240
39.837 67.017
40.197 67.015
41.076 67.400
42.639 68.005
42.031 67.775
38.788 66.024
35.939 63.632
34.697 62.039
33.354 59.963
32.186 58.084
31.860 58.661
32.831 60.247
36.671 63.247
41.354 66.247
45.134 66.688
47.598 66.139
51.405 63.792
54.961 61.151
55.411 60.286
55.779 59.564
56.205 58.056
56.926 55.732
57.821 55.316
59.536 55.795
60.438 53.599
58.604 50.854
54.023 51.202
49.050 53.548
46.410 54.686
45.109 54.728
46.415 53.062
50.393 47.551
54.909 41.206
57.564 38.602
57.609 38.472
57.529 38.729
57.941 38.941
57.801 39.159
57.868 39.493
62.513 38.649
71.231 42.089
76.440 49.469
78.883 55.854
82.803 62.685
86.084 69.736
86.395 78.547
84.813 83.778
79.478 84.887
71.327 87.718
63.813 89.904
55.774 91.067
48.420 91.234
42.977 89.674
41.879 86.385
41.682 83.949
40.429 83.353
40.626 82.815
40.661 82.674
40.387 80.781
42.380 73.312
44.997 62.594
46.493 58.599
48.112 58.940
49.035 57.826
50.363 53.657
49.987 45.398
48.424 38.306
48.170 35.651
48.434 35.668
48.800 35.786
48.864 35.801
47.865 34.459
44.434 35.593
42.929 40.363
43.889 43.096
39.597 45.625
33.036 50.821
27.618 56.143
23.329 58.944
22.871 59.113
24.051 53.734
29.525 42.951
35.266 35.873
36.330 31.051
35.368 25.916
34.394 24.285
40.274 26.550
50.031 30.305
56.076 32.303
57.221 37.833
57.233 45.136
56.572 48.573
54.913 50.046
55.866 49.634
57.215 47.382
59.988 42.789
66.638 42.573
72.583 48.973
76.212 54.589
77.812 59.959
73.073 65.883
62.843 72.116
57.710 79.325
59.248 86.518
57.560 95.468
52.747 102.525
50.820 104.253
49.954 104.270
45.515 100.620
43.839 91.984
49.007 85.297
50.612 83.838
44.487 86.351
36.893 92.304
29.924 95.903
24.660 95.482
22.507 95.456
21.586 94.341
21.759 92.787
17.937 94.674
13.118 97.940
13.001 101.015
13.197 99.809
15.197 90.403
19.604 77.876
23.921 67.469
27.908 58.747
34.544 49.856
41.909 41.241
45.376 32.039
45.670 21.498
40.946 14.160
33.767 11.156
29.193 11.347
27.491 11.205
28.225 9.816
35.222 9.713
47.405 14.823
55.958 25.125
58.407 33.828
58.897 40.618
58.877 45.864
59.077 46.204
59.980 43.937
60.111 43.665
59.465 45.574
60.541 45.749
64.902 41.776
72.942 39.812
84.895 40.738
95.698 39.341
100.493 34.150
98.134 27.405
94.054 20.911
93.957 16.697
94.288 14.832
93.765 14.299
96.386 13.271
101.332 11.847
103.981 11.421
103.811 8.643
102.880 6.124
102.239 5.423
102.469 4.755
102.564 4.820
102.141 5.496
103.063 12.437
103.331 24.093
101.960 31.807
102.448 36.525
103.716 38.630
104.530 39.459
105.068 41.200
104.805 42.298
104.065 43.555
103.299 50.022
103.440 58.608
103.893 61.249
103.407 60.791
102.749 60.324
101.946 61.349
101.307 67.700
99.834 76.032
95.609 81.047
91.166 83.709
88.853 84.354
87.949 86.617
87.122 93.405
85.922 100.230
84.504 103.631
82.959 103.828
81.295 102.681
78.011 102.514
73.659 102.388
71.915 101.346
72.357 100.935
71.638 101.254
67.161 102.135
63.585 101.078
61.358 96.565
53.557 95.323
45.471 95.624
41.100 94.506
38.191 95.496
36.804 96.114
36.576 95.718
37.121 95.396
38.396 93.392
39.168 88.986
40.290 83.599
41.635 80.473
41.402 80.334
40.799 80.579
40.697 80.566
41.144 80.123
41.288 77.279
39.968 69.206
38.866 59.430
39.695 53.941
39.614 53.117
39.128 53.266
39.900 52.728
38.977 53.460
38.797 51.970
39.657 43.790
38.112 31.794
33.840 23.353
28.074 18.507
23.889 14.345
22.343 13.605
23.448 20.606
28.057 30.609
34.628 35.733
40.148 37.192
45.138 37.224
50.237 39.061
56.470 44.836
61.872 50.640
62.059 57.166
60.417 67.362
60.108 75.913
59.703 83.514
59.680 94.343
60.716 102.320
61.943 103.424
64.538 103.139
68.192 103.493
71.402 103.290
75.992 102.417
79.868 101.772
82.477 100.584
88.180 99.461
95.278 100.193
100.479 101.595
103.290 102.441
104.750 101.548
105.719 101.172
105.991 101.256
105.820 100.958
105.270 101.448
104.976 101.301
105.267 100.427
105.790 99.983
105.744 98.790
104.839 97.015
104.077 96.355
103.050 96.616
102.384 94.790
102.958 90.120
103.747 86.567
104.346 83.962
105.129 82.928
105.734 82.298
105.698 79.705
105.450 77.528
104.830 76.084
104.439 75.160
104.119 74.457
103.166 74.981
102.999 75.439
103.565 71.352
103.877 68.390
102.936 70.287
100.926 73.082
98.028 75.794
93.419 78.702
87.742 80.251
82.040 80.209
78.134 79.187
76.953 77.882
76.765 77.014
75.644 74.404
75.053 69.801
75.897 65.622
75.915 61.298
74.078 51.963
70.686 42.647
66.777 35.281
64.359 28.614
64.703 26.506
66.096 23.402
64.566 15.316
63.014 8.787
62.989 7.373
62.541 7.387
62.341 6.968
63.366 6.790
71.008 7.713
80.618 8.403
83.314 7.829
75.859 7.953
63.848 13.329
57.551 21.196
55.903 26.418
56.074 30.855
56.646 34.496
57.568 40.095
57.885 47.462
55.411 49.890
47.952 51.414
37.220 56.128
25.393 58.073
15.900 55.290
12.062 52.066
12.412 47.624
14.391 42.756
15.008 41.591
15.117 40.777
16.110 36.856
17.536 30.672
18.895 26.052
18.745 24.561
18.823 23.978
19.945 24.347
17.900 26.448
12.552 31.396
8.711 35.191
8.012 35.644
7.616 35.239
7.298 34.043
7.492 34.228
7.850 35.286
8.627 33.160
9.197 28.563
9.141 26.796
8.003 27.072
7.173 24.298
8.198 20.014
8.134 21.978
7.202 31.661
7.287 39.943
7.598 42.533
7.665 42.230
8.324 42.225
9.550 45.184
10.761 48.732
9.977 51.839
9.167 56.554
9.748 59.830
10.245 61.086
11.128 64.628
11.148 67.357
10.643 68.512
11.603 70.230
12.744 71.617
13.437 72.207
14.669 71.893
15.599 71.558
16.036 71.277
16.356 71.056
16.464 71.027
16.285 70.647
15.795 69.495
14.772 67.578
13.856 65.383
12.658 64.244
12.053 64.234
12.631 63.336
12.445 63.126
12.279 63.835
12.856 63.514
12.574 63.620
13.068 63.755
14.939 64.921
15.537 69.226
14.343 72.771
14.415 71.345
15.354 68.414
15.576 66.514
16.014 65.333
16.142 66.462
16.462 67.017
17.215 66.805
17.263 67.654
17.086 68.223
16.658 69.742
16.154 69.834
15.866 66.704
15.358 64.353
15.924 66.238
16.060 70.041
15.553 71.537
16.164 71.342
16.284 70.879
16.217 70.000
16.102 70.524
15.225 72.556
15.024 73.479
15.278 73.414
15.508 72.787
15.793 71.244
16.275 69.752
15.802 71.221
14.539 74.062
13.716 75.275
13.042 75.825
11.937 75.709
11.502 75.339
10.866 75.546
9.734 76.762
11.224 77.850
14.395 75.885
16.996 71.534
17.297 66.652
15.547 63.253
17.833 62.697
27.892 64.740
38.543 69.487
43.979 71.724
46.226 70.239
47.056 69.650
46.866 69.156
46.543 68.603
44.014 69.201
39.193 70.427
37.554 68.681
39.805 61.774
41.172 54.003
37.339 50.785
34.231 50.817
32.794 46.010
28.394 40.016
25.216 38.157
23.814 37.109
24.603 35.874
26.354 34.897
31.779 33.264
41.522 29.966
47.926 26.429
50.772 23.517
51.736 21.996
50.422 22.340
52.676 26.651
57.589 36.190
59.960 40.831
61.164 37.335
63.261 33.328
69.685 31.715
80.086 33.227
87.185 36.498
90.929 40.999
97.400 44.995
103.787 47.984
105.773 51.674
104.617 56.933
103.923 62.243
101.685 64.400
99.021 69.286
98.238 75.012
94.195 76.051
88.623 77.594
85.901 80.305
83.821 83.312
84.059 89.625
85.636 97.119
85.981 101.985
85.754 104.062
85.568 104.132
87.316 104.225
87.518 103.686
86.861 102.671
87.131 102.372
86.626 100.279
88.178 98.247
88.611 99.865
80.619 101.005
71.491 100.197
66.079 99.122
60.176 99.174
54.930 100.329
51.890 101.282
51.148 102.218
47.685 102.629
40.204 102.872
35.782 103.728
35.976 104.401
37.772 104.815
38.870 104.198
38.632 103.487
36.917 103.267
35.630 101.488
35.267 99.828
33.741 99.992
30.080 101.488
26.460 102.194
25.860 101.053
24.001 100.314
20.366 101.339
17.754 101.655
15.789 101.288
14.235 101.235
12.031 100.969
10.764 100.759
11.704 97.743
12.978 92.221
13.091 86.325
9.300 81.230
6.340 78.085
7.328 75.717
8.285 74.125
10.010 74.721
12.121 76.317
14.255 74.919
16.168 72.167
16.531 71.109
16.858 70.582
17.694 70.449
17.525 70.772
15.627 71.066
14.359 71.122
15.795 70.733
16.640 69.855
19.366 69.655
23.985 70.356
24.533 71.465
23.246 71.858
22.359 70.123
21.949 68.248
22.013 67.918
21.977 68.314
22.068 68.621
26.581 68.067
34.002 71.043
37.145 75.718
35.630 79.404
35.737 81.893
37.609 80.957
36.658 81.281
39.646 84.709
47.368 89.090
53.692 93.202
57.868 94.987
59.514 96.174
59.531 99.905
58.938 102.866
60.264 103.509
63.678 103.198
65.341 103.013
68.719 102.275
72.483 101.124
72.846 100.611
72.042 99.939
68.601 96.358
66.353 92.260
65.750 92.021
65.115 91.265
65.637 84.377
69.243 73.457
72.256 65.956
72.084 64.139
69.600 59.599
63.198 50.180
57.307 42.261
54.466 37.667
53.076 36.008
53.020 34.671
55.736 31.967
58.156 26.155
58.173 21.844
57.151 22.098
57.371 20.130
57.483 13.868
57.681 8.308
58.438 6.623
57.777 6.603
57.186 6.602
56.453 6.810
52.529 7.034
47.872 6.953
44.529 8.056
40.467 9.217
38.446 10.154
37.185 12.593
29.794 14.752
19.526 13.300
13.403 10.560
9.904 8.916
7.848 7.865
8.333 10.875
12.277 16.568
15.410 22.852
13.434 30.115
9.472 34.843
8.738 36.177
12.151 35.565
12.748 35.608
13.680 38.763
19.008 48.706
19.771 62.157
15.854 72.969
11.817 80.203
9.519 83.143
9.289 83.737
9.241 83.009
9.029 81.697
8.757 80.765
8.558 80.607
10.218 83.842
13.086 89.468
15.803 92.324
17.867 92.950
19.803 92.652
23.951 89.789
27.510 87.816
28.429 88.257
28.243 87.749
28.152 86.974
28.522 86.705
28.737 86.630
29.020 86.358
29.770 86.534
28.423 88.318
26.113 89.984
24.261 89.039
21.332 85.394
18.867 83.778
18.336 84.676
18.080 83.966
17.597 83.203
16.952 82.449
15.118 81.176
14.954 83.247
16.982 84.496
20.084 77.037
25.025 66.399
30.453 57.831
32.819 50.903
35.019 47.462
39.831 44.384
44.607 39.622
46.412 34.906
49.122 28.352
55.110 26.945
61.069 31.153
67.830 36.552
73.386 40.424
75.273 41.457
74.285 42.403
72.520 42.067
72.735 44.685
73.357 51.950
75.477 62.501
79.657 71.212
80.156 73.923
79.447 72.522
83.441 71.216
93.711 72.673
102.496 71.218
103.730 67.521
103.161 66.927
104.329 67.992
105.666 70.197
105.875 75.095
102.980 82.422
99.918 88.888
100.722 91.862
102.016 92.722
101.542 94.136
101.506 95.024
101.877 95.591
100.834 95.197
96.629 93.088
93.146 94.762
92.515 95.644
92.085 91.995
91.950 89.257
91.433 87.245
91.213 84.879
90.937 81.705
88.019 76.580
83.449 72.618
80.486 71.079
79.550 70.090
79.135 71.465
78.964 75.748
79.279 78.436
79.442 79.876
82.463 85.758
88.273 93.053
90.655 99.225
88.828 102.626
83.505 99.106
77.865 92.944
76.935 88.973
74.386 87.047
67.518 84.163
60.403 80.680
52.508 80.247
46.981 82.518
46.743 81.600
48.751 73.737
49.819 62.801
49.155 53.990
49.062 48.246
48.877 46.256
50.113 46.166
54.918 41.178
59.004 31.275
61.206 18.924
62.545 9.468
62.771 6.760
63.149 6.528
62.678 6.386
59.993 6.548
54.947 8.974
48.379 10.613
43.697 8.961
41.094 10.016
39.233 15.460
38.862 21.681
42.176 29.063
45.299 36.608
45.320 40.705
42.590 42.733
35.123 43.087
25.740 43.433
15.757 43.552
10.170 39.643
12.917 36.706
16.177 35.841
18.162 29.669
22.052 23.947
28.734 24.301
34.426 21.885
36.082 16.917
36.195 15.248
38.834 17.411
45.798 17.670
53.858 13.134
58.428 8.525
58.820 6.290
59.038 6.930
62.436 13.337
65.608 24.553
63.643 34.148
61.215 42.635
61.623 51.824
62.165 57.313
63.214 56.942
66.466 52.130
71.261 48.816
77.392 49.729
77.931 47.832
73.324 46.129
72.120 47.051
74.358 43.195
76.154 31.684
75.053 22.105
70.516 18.977
65.756 17.200
64.406 13.610
63.258 12.310
61.313 18.137
60.391 25.456
59.487 32.051
60.710 39.717
64.294 44.795
67.188 46.712
69.196 48.226
70.011 51.870
70.951 62.775
73.155 76.331
74.215 84.046
73.478 86.461
71.324 86.435
67.232 86.671
62.520 92.247
58.514 100.116
57.012 103.430
55.078 101.830
48.407 100.315
43.332 102.237
41.233 102.311
35.244 99.195
28.479 97.131
23.039 94.008
16.713 92.076
12.439 93.826
14.050 91.916
19.661 84.106
23.355 74.899
29.127 66.826
37.273 58.094
41.137 49.223
43.383 44.708
44.897 43.727
45.972 43.459
45.868 43.564
44.738 43.541
45.186 43.436
45.070 43.402
44.377 43.404
44.053 43.295
43.867 43.127
43.813 43.059
44.937 43.172
47.025 42.258
48.169 40.746
49.356 40.837
50.660 40.306
51.432 39.103
51.349 39.164
51.050 39.257
50.654 39.235
50.272 39.094
50.299 38.851
50.455 36.847
51.093 30.775
47.871 25.291
41.299 24.782
39.408 24.736
48.000 24.051
61.307 25.932
68.202 25.210
69.725 24.540
74.003 33.009
80.515 41.653
83.661 47.532
86.912 57.014
90.529 68.602
87.912 78.328
80.778 83.297
76.171 83.663
75.624 82.941
78.526 86.686
81.950 94.766
83.824 101.495
85.285 103.908
85.853 104.075
90.629 103.574
97.638 103.409
100.703 103.629
102.882 100.274
104.972 94.965
103.559 91.818
100.007 90.358
98.363 89.940
97.396 90.281
97.947 90.571
100.365 88.363
101.010 84.614
102.816 81.323
104.882 78.597
104.575 75.631
103.703 74.114
102.875 74.356
102.785 72.479
102.372 70.144
99.318 70.824
98.837 69.028
102.110 66.755
103.040 66.671
104.113 65.700
105.718 65.841
105.414 66.401
102.502 67.571
97.642 69.094
94.431 69.894
93.722 71.281
93.862 71.802
93.001 72.061
92.841 71.930
94.125 70.302
94.209 69.822
91.835 72.584
85.971 75.085
77.707 70.704
68.387 63.025
61.322 58.052
59.371 55.925
59.780 54.397
59.953 54.221
57.786 57.447
53.719 60.499
51.299 61.416
51.898 61.970
54.619 59.817
54.539 54.759
51.951 47.375
49.704 37.255
55.298 28.191
66.779 26.428
72.054 28.541
71.500 27.841
70.888 27.863
72.099 28.635
70.594 25.487
66.962 22.508
59.567 25.598
50.831 32.465
45.831 38.431
38.511 43.731
26.753 42.370
18.505 35.622
16.317 33.106
17.749 34.415
22.961 36.163
24.193 38.455
22.999 46.303
24.819 54.897
25.650 60.864
29.638 61.473
35.706 56.539
40.009 52.789
45.758 47.678
49.751 42.738
50.915 39.778
52.006 38.384
54.236 43.329
56.336 51.201
57.224 54.156
56.930 55.378
56.923 57.595
61.153 59.626
66.208 61.424
65.245 55.891
62.768 47.407
63.982 42.721
70.639 35.971
80.677 29.230
86.742 25.485
87.416 23.971
86.313 23.707
85.778 24.102
89.183 21.344
96.258 15.125
100.080 10.461
100.055 7.413
100.178 5.929
101.080 5.618
101.722 5.960
102.551 5.980
103.034 5.867
101.847 5.607
100.996 5.040
101.841 4.724
100.655 4.625
98.807 4.691
99.005 4.715
99.908 4.674
100.936 4.566
101.017 4.792
100.187 5.315
99.150 5.443
95.765 5.920
92.638 5.780
91.743 5.477
88.259 7.663
84.426 11.010
77.929 12.863
69.184 10.083
64.963 6.742
63.835 6.280
63.131 6.429
61.974 7.231
63.127 9.688
66.768 14.178
67.817 19.875
66.284 27.239
63.241 33.953
55.433 37.637
47.610 41.221
43.932 45.440
42.820 48.895
42.275 50.245
41.374 50.396
40.341 53.249
35.409 60.234
26.117 70.734
16.473 79.250
10.459 83.112
8.851 85.410
10.429 87.850
12.198 92.188
10.785 93.950
8.764 87.133
10.130 74.820
10.995 65.630
8.927 61.794
8.196 60.737
8.596 61.450
7.915 59.638
8.343 55.867
9.522 54.261
8.737 53.559
7.735 50.897
9.176 47.165
11.154 45.163
11.295 45.313
10.895 45.758
9.633 44.052
8.261 39.394
7.467 34.897
7.704 31.028
9.073 27.812
10.275 27.488
10.778 27.628
11.532 26.398
11.034 23.758
10.142 22.016
9.348 19.550
7.863 14.471
6.985 10.945
6.776 10.264
7.769 11.188
8.567 11.226
9.575 9.303
9.837 7.888
12.676 8.670
19.447 9.212
23.594 8.116
26.199 8.093
30.324 11.999
33.786 19.963
34.987 30.435
35.932 40.628
36.839 46.618
37.221 48.578
37.507 49.794
37.601 50.628
37.723 49.590
39.205 47.500
43.151 45.628
50.973 45.923
58.225 47.253
60.946 48.250
60.739 48.911
57.534 51.185
50.510 56.739
45.582 63.854
46.637 73.635
49.464 85.352
51.033 92.340
52.793 92.570
56.852 96.292
58.883 102.024
59.603 102.752
62.866 102.535
67.116 101.773
70.936 101.524
72.312 100.509
69.508 95.174
66.176 90.465
67.597 87.418
73.524 81.594
81.995 73.706
90.335 67.849
95.032 64.990
96.453 63.355
98.747 64.496
103.305 69.275
105.922 71.481
105.458 67.256
104.120 60.966
103.444 58.028
99.437 57.806
95.606 52.498
99.028 44.013
103.523 40.046
104.094 37.424
103.484 33.412
103.044 30.519
102.880 29.338
102.740 28.034
102.139 22.915
102.001 14.739
101.741 8.385
101.588 5.747
100.812 6.632
97.418 11.893
94.173 17.178
91.752 21.115
87.833 26.333
83.963 32.153
80.471 39.596
74.618 48.102
69.125 54.601
66.369 56.603
62.236 56.541
56.522 56.560
53.291 56.066
52.050 55.422
51.698 55.354
52.053 56.559
51.990 58.616
51.657 59.200
51.934 56.746
53.350 50.647
56.010 43.424
62.627 40.029
66.580 38.426
67.910 32.565
73.552 27.277
80.503 26.417
86.638 27.086
89.142 27.361
89.069 24.185
89.029 20.060
88.163 18.622
83.325 19.216
75.630 20.606
71.478 19.307
70.866 16.560
69.595 16.279
68.527 16.910
68.698 17.359
68.868 21.469
68.433 29.202
67.242 35.934
65.575 40.023
60.632 39.178
52.029 37.729
44.160 36.316
38.594 31.228
34.988 27.427
32.048 22.990
28.174 17.896
27.121 20.712
31.086 28.553
31.855 34.506
33.603 38.799
40.942 38.377
43.696 34.287
44.180 33.237
48.015 34.322
54.181 36.793
60.828 39.275
65.421 43.365
66.334 50.802
64.263 60.674
61.314 74.370
59.868 83.382
59.881 84.907
56.944 84.712
50.935 82.624
46.748 82.179
45.530 83.635
46.216 84.264
48.954 87.715
47.096 95.093
41.002 101.660
38.081 104.024
34.844 104.269
30.518 104.214
26.782 103.706
23.084 102.886
19.935 100.968
17.948 96.260
16.971 90.281
17.026 81.915
16.158 74.770
15.830 72.799
16.863 73.346
18.923 75.328
24.227 73.739
30.186 73.717
31.783 73.952
28.496 68.092
28.998 60.379
33.086 52.930
37.627 47.421
44.013 44.228
47.819 42.646
51.610 41.931
55.922 39.552
56.013 36.590
55.783 36.839
56.282 39.347
59.167 45.060
66.001 52.112
72.828 56.035
75.572 56.118
78.727 54.911
85.798 53.241
94.726 51.591
102.821 53.087
106.036 58.690
105.999 65.830
104.730 71.179
103.738 74.271
103.238 77.758
101.879 79.737
100.669 78.609
101.021 80.963
101.438 88.378
99.557 95.594
96.310 100.222
94.016 102.747
93.801 104.062
93.874 103.934
92.895 103.385
91.838 103.317
91.510 103.699
91.676 103.370
91.518 102.545
91.841 101.809
91.421 100.532
88.182 100.997
85.297 102.157
84.522 102.417
85.509 99.418
87.360 96.025
86.569 96.328
82.043 96.932
76.173 98.247
71.778 100.976
70.192 102.222
70.535 102.533
71.485 100.187
70.728 94.082
67.310 88.020
65.802 80.082
65.429 69.551
63.967 57.047
63.956 46.025
63.583 41.419
62.670 39.848
63.998 37.947
69.641 35.802
73.802 33.058
74.475 30.304
79.249 32.568
85.432 37.075
88.868 37.319
90.585 36.353
90.998 36.561
86.066 34.672
76.496 34.701
68.265 38.306
63.248 42.434
59.954 47.535
55.195 48.503
49.138 46.614
41.503 45.753
31.235 44.789
24.387 45.844
22.999 48.027
21.706 45.522
21.304 36.859
22.145 26.828
23.556 19.466
24.780 15.900
24.520 14.341
22.109 13.085
18.206 12.597
15.287 10.847
14.278 8.791
13.385 8.548
11.280 9.773
14.284 9.930
24.862 9.415
34.471 8.919
39.636 7.917
44.803 9.997
50.878 16.393
55.600 24.206
57.811 32.951
57.113 41.286
55.624 44.999
58.008 49.590
63.637 60.528
69.033 75.052
70.310 89.358
69.096 99.092
69.492 103.341
72.159 104.112
75.550 103.610
76.924 103.495
76.427 103.403
73.349 103.623
68.137 104.259
58.945 103.722
50.370 102.701
47.313 102.921
46.501 103.465
47.166 103.518
48.151 103.617
49.211 103.616
50.962 103.011
52.230 102.557
51.977 102.737
48.817 102.524
45.342 102.651
44.098 100.320
42.172 95.207
43.694 89.689
49.012 85.559
50.026 84.101
48.835 83.225
49.325 83.443
46.544 86.770
40.327 92.040
33.833 95.819
29.473 96.567
27.681 93.858
22.173 88.788
14.299 86.083
10.468 88.324
9.696 92.609
9.599 94.913
8.986 92.148
11.273 83.328
14.679 73.940
17.811 66.117
22.237 59.152
24.473 53.521
25.047 49.573
26.684 46.854
28.568 43.280
30.769 37.842
32.879 28.471
32.769 21.202
32.345 14.760
32.737 9.198
32.840 8.592
30.728 8.813
28.105 9.444
34.271 10.283
45.808 14.605
54.730 21.639
59.890 29.569
61.475 38.136
62.348 43.961
62.617 49.109
63.910 55.288
65.295 58.151
64.588 58.659
64.368 62.259
66.204 70.848
68.178 82.851
69.186 91.227
69.825 94.404
70.988 95.222
72.182 93.396
74.539 90.030
81.764 91.240
90.575 98.197
94.332 103.121
95.905 103.577
99.038 102.350
102.049 100.872
104.370 99.211
105.096 97.191
103.074 93.719
102.411 89.392
103.101 86.671
103.088 84.982
103.423 82.795
103.468 80.170
103.867 78.951
103.774 80.555
103.525 81.924
103.965 80.941
104.695 79.184
104.471 79.192
103.039 80.831
101.979 82.061
98.733 85.289
93.090 88.934
87.035 89.862
82.320 88.658
78.359 85.510
73.973 81.056
70.298 77.160
67.914 74.792
64.917 74.125
61.330 73.645
60.364 72.412
60.753 72.130
60.719 72.332
60.583 72.457
60.561 72.503
60.440 72.879
60.290 73.118
60.328 72.868
60.325 72.799
60.308 72.794
60.295 73.064
60.254 73.359
60.326 73.204
59.949 72.924
59.299 69.546
61.776 64.310
64.597 62.705
63.650 63.195
63.169 64.501
63.663 67.535
62.788 70.695
62.234 72.245
62.924 72.335
62.089 73.088
58.315 72.272
55.693 68.485
54.102 64.947
51.456 63.137
50.836 62.155
51.709 60.560
51.630 59.726
50.349 60.548
49.557 60.877
49.949 60.189
49.992 60.000
49.459 60.278
48.865 60.508
48.386 60.593
48.174 60.636
48.210 60.610
48.449 60.988
48.156 61.992
45.976 65.354
42.042 72.283
37.388 78.677
30.363 83.176
20.971 87.637
13.675 89.993
11.310 88.474
14.043 81.885
18.555 73.195
21.483 69.061
21.522 68.666
20.254 69.073
19.317 69.789
19.312 69.689
20.226 69.142
20.504 68.843
20.098 67.891
20.440 63.297
26.030 58.557
32.843 58.789
34.205 60.475
34.557 61.370
35.385 61.719
35.568 60.573
36.613 59.159
38.303 58.338
39.047 57.808
37.774 57.858
36.654 57.994
37.548 57.878
38.749 57.653
38.639 57.584
37.866 57.747
37.864 57.725
38.520 57.601
38.609 57.909
39.339 58.133
40.510 57.927
40.752 57.947
40.180 57.942
38.986 57.388
39.020 56.906
40.247 56.890
41.026 57.053
40.946 57.421
40.341 57.953
39.971 58.276
40.306 58.317
40.898 58.306
40.881 58.342
40.387 58.295
40.017 58.308
40.061 58.381
40.485 58.199
40.840 57.963
40.635 57.968
40.479 57.871
40.218 58.084
40.301 58.202
40.719 57.980
40.702 57.939
40.702 57.923
40.727 57.965
40.724 58.053
40.696 58.155
40.766 57.951
40.871 57.783
40.785 58.017
40.058 57.922
38.279 56.957
37.593 54.438
38.687 50.660
39.902 50.127
40.151 52.018
38.747 51.642
37.303 50.419
36.791 49.982
37.512 49.747
39.134 49.473
38.380 49.434
36.607 50.090
37.905 51.431
39.691 52.488
39.573 52.873
38.805 52.647
38.128 52.115
38.202 51.071
38.720 48.157
41.995 45.269
46.306 46.556
46.412 50.563
44.293 51.775
43.074 51.175
43.955 52.314
44.814 54.049
44.820 54.990
44.711 55.236
44.563 55.235
44.627 55.021
43.939 54.718
43.549 54.630
43.655 54.509
44.206 53.059
49.321 49.772
56.934 50.266
63.455 54.785
68.965 59.580
74.633 67.094
81.096 74.173
88.009 78.941
93.640 82.852
96.281 86.668
97.625 90.262
95.555 96.623
92.867 103.327
95.462 103.523
101.316 100.564
101.165 97.945
97.429 94.840
98.493 93.004
99.390 93.747
98.588 95.257
98.974 95.690
99.271 95.281
99.652 92.502
100.430 88.049
99.550 85.999
96.045 84.720
89.503 79.866
84.690 72.645
85.663 67.499
85.922 64.082
83.675 61.560
82.551 60.475
82.251 60.481
81.963 60.415
81.693 60.510
81.619 60.512
81.479 60.569
81.475 60.541
81.588 60.475
81.503 60.657
81.654 60.597
82.131 60.704
80.663 60.156
76.429 57.990
72.020 55.842
69.435 53.910
68.209 52.251
67.007 51.673
66.771 51.428
67.225 51.369
67.107 51.667
66.912 51.860
66.822 51.872
66.582 51.584
66.422 50.426
66.917 49.236
67.486 48.951
67.467 49.007
67.307 48.981
67.063 49.134
66.976 49.136
67.140 48.822
67.190 48.638
67.117 48.547
65.328 48.168
61.587 50.317
61.124 56.524
60.834 63.996
54.548 67.270
47.620 61.732
44.285 51.852
45.837 44.268
52.422 36.614
58.916 29.394
60.865 24.356
60.769 19.136
59.972 15.972
60.042 16.037
66.448 21.194
73.305 28.293
76.534 35.099
80.460 41.584
83.207 45.005
83.693 46.460
81.467 49.719
76.944 57.977
73.379 68.495
68.558 78.346
62.595 84.505
59.555 86.368
58.699 86.175
59.656 85.221
62.919 84.301
65.481 83.453
68.717 79.377
70.689 71.201
70.001 62.250
71.650 57.682
71.440 56.466
65.463 52.663
58.204 50.089
54.427 49.482
54.044 49.983
54.568 52.492
53.139 55.222
51.226 52.613
48.666 44.880
41.314 39.042
33.722 33.350
31.289 29.940
31.050 28.978
33.344 29.184
37.365 28.340
40.719 24.835
42.146 23.437
41.224 23.060
41.391 22.177
44.026 20.068
51.530 21.278
59.774 25.705
62.728 23.112
63.790 15.286
67.205 11.191
68.063 8.719
68.885 6.308
78.157 6.697
88.386 8.429
93.543 14.621
96.464 24.076
97.482 34.461
99.407 45.153
101.875 52.636
102.713 56.520
103.214 57.914
104.078 58.923
105.015 60.770
104.272 65.320
102.517 66.296
98.257 63.600
93.529 66.504
90.513 73.524
88.748 79.309
84.457 83.293
75.985 90.843
70.434 98.404
66.530 99.013
58.375 99.021
51.608 101.663
50.216 102.081
47.064 99.166
40.340 94.148
34.158 94.076
31.446 98.878
32.826 102.345
32.531 103.633
26.838 102.690
22.827 103.419
21.442 104.472
19.326 104.555
16.644 104.401
14.671 102.920
15.307 98.699
17.427 91.376
18.843 83.364
18.056 77.053
17.727 74.209
14.346 73.768
10.126 73.723
13.950 70.545
22.056 63.170
29.121 54.430
32.005 43.734
30.750 33.905
28.524 29.616
27.965 25.984
29.251 18.891
30.992 11.893
32.084 8.764
31.935 8.625
34.780 9.672
42.608 14.973
50.220 21.614
55.643 28.630
62.157 38.585
71.225 47.256
79.613 53.817
84.742 57.451
88.220 57.680
90.446 58.135
92.091 59.137
92.624 57.260
91.648 55.043
93.239 55.702
99.064 57.902
104.096 61.063
105.791 64.123
106.322 66.982
106.330 68.260
106.234 67.733
106.218 65.892
106.230 64.657
106.315 64.462
106.402 65.001
103.920 70.069
101.923 75.152
102.601 76.283
102.884 75.275
99.281 72.799
92.901 71.976
88.750 74.498
86.391 75.812
84.828 74.218
82.539 69.114
78.924 60.509
75.220 52.916
68.933 47.916
62.979 48.808
62.136 52.524
63.224 58.038
62.457 64.785
59.743 68.094
57.824 69.773
55.746 66.530
54.916 56.502
55.772 46.867
57.570 40.944
63.916 35.635
68.859 33.070
68.941 31.823
70.752 28.525
72.653 26.799
71.661 26.938
66.703 30.319
58.733 35.542
54.151 42.602
52.251 49.835
45.735 51.996
36.999 53.248
28.586 51.947
18.213 47.658
10.616 44.782
10.458 39.714
13.125 32.691
14.705 28.833
20.620 30.988
30.084 36.157
35.282 38.500
40.299 41.610
49.926 45.340
61.738 46.770
74.686 49.379
84.340 53.274
88.442 55.514
91.492 57.517
96.953 62.267
98.743 63.365
93.018 57.036
83.435 51.645
75.344 46.524
75.083 39.662
77.929 35.389
77.449 32.713
74.906 26.850
73.848 20.645
73.891 20.862
72.893 26.904
69.970 34.436
64.614 38.855
57.699 40.276
51.518 40.448
43.652 42.355
34.990 45.401
31.624 46.010
32.025 43.152
35.459 38.351
38.056 36.068
36.307 37.734
37.360 44.547
41.741 52.969
45.406 59.313
50.371 64.675
54.882 69.322
59.143 76.671
63.012 83.755
62.492 80.946
59.847 74.010
60.034 71.599
61.584 69.493
61.132 65.701
60.114 62.037
60.789 60.029
61.850 59.252
62.102 58.755
62.239 57.371
61.579 54.705
63.264 51.925
64.841 50.321
63.594 49.731
63.309 49.651
63.125 49.634
62.843 49.619
62.403 49.687
62.032 49.623
61.795 49.639
61.932 49.581
61.840 49.726
61.205 50.030
61.540 49.849
62.384 49.826
63.378 50.772
63.768 51.773
63.934 52.077
64.346 51.982
64.129 51.928
62.777 52.371
61.926 52.827
62.175 52.689
61.271 52.216
60.956 52.161
61.677 52.369
62.544 52.360
63.619 51.269
62.686 49.188
59.807 47.446
58.339 45.823
57.765 45.003
58.892 41.367
67.313 38.608
77.407 42.990
80.657 46.484
80.251 48.468
79.418 51.442
78.501 53.891
78.149 55.335
79.188 54.846
79.792 58.255
76.883 67.618
73.069 74.198
71.134 76.307
71.284 78.426
75.680 83.741
81.223 90.911
84.921 96.897
89.734 100.905
94.443 102.921
95.930 103.888
95.669 103.647
95.866 102.179
95.915 101.270
97.763 101.078
100.476 100.388
99.997 97.950
96.793 93.684
95.814 88.949
99.369 86.542
103.079 87.362
104.287 87.682
102.555 87.391
97.998 86.830
93.522 84.223
92.408 75.954
94.120 66.373
98.501 62.703
102.553 61.879
104.476 60.902
104.730 60.547
103.789 59.152
103.244 55.523
102.953 52.441
102.326 52.099
102.127 52.677
101.662 53.286
101.165 49.355
101.640 42.031
102.151 37.240
102.796 29.428
101.733 19.226
100.713 12.092
101.715 8.676
101.926 6.898
101.343 5.416
101.486 4.861
99.904 5.321
97.720 5.885
96.583 5.511
94.942 5.014
94.077 4.980
93.363 6.088
89.763 8.986
84.749 10.959
82.056 10.389
81.103 10.402
80.195 10.754
80.060 10.586
80.097 10.435
80.603 11.494
81.803 15.043
82.683 18.762
82.391 20.049
81.469 22.376
80.009 25.738
78.685 27.758
78.275 29.367
78.104 31.354
80.418 35.709
83.883 42.825
84.728 48.978
83.796 51.310
82.942 52.186
81.491 51.833
78.645 46.763
75.723 40.168
72.154 34.421
70.704 30.233
69.965 30.045
64.156 24.919
57.742 16.302
55.960 10.737
56.653 7.535
55.663 7.510
50.945 8.924
46.268 8.770
42.760 8.649
38.656 9.798
35.597 10.717
37.750 13.143
45.742 15.848
52.002 16.749
53.575 16.495
54.656 15.645
57.357 15.282
58.074 15.999
54.513 20.261
51.426 27.748
49.681 35.584
47.380 45.059
48.626 50.956
50.838 49.640
50.847 46.976
55.253 46.651
65.016 50.454
73.517 55.517
78.922 59.115
81.636 60.369
81.937 59.539
81.782 59.418
81.020 63.322
80.200 69.741
82.643 75.492
87.474 74.444
91.452 68.352
97.375 67.041
103.698 68.215
105.782 68.511
105.418 67.123
102.990 65.049
98.788 62.768
98.234 59.833
99.990 56.877
99.144 54.893
99.664 53.259
103.562 52.196
106.050 53.399
105.412 61.001
102.110 70.985
99.586 75.970
101.554 77.655
102.769 78.936
100.290 78.380
94.297 76.136
86.721 76.846
81.466 82.848
79.640 91.444
76.818 93.887
70.759 94.548
62.845 98.734
56.204 100.615
53.380 100.408
52.068 100.437
51.724 102.362
51.829 103.801
49.607 102.521
45.799 102.042
43.613 102.861
41.724 98.870
39.624 91.525
35.820 86.834
31.434 83.506
28.796 82.492
27.724 82.324
28.357 81.155
29.595 81.097
28.811 83.346
25.747 88.485
24.644 88.932
29.739 82.068
37.524 75.279
43.378 69.545
51.336 66.387
61.686 67.707
70.253 68.862
74.194 67.133
75.417 65.070
76.949 65.058
77.480 65.295
76.811 64.644
72.336 65.023
67.525 65.819
65.770 64.875
62.833 62.733
58.058 57.604
51.454 48.315
44.278 37.162
42.365 29.367
43.134 28.338
40.026 31.226
35.682 31.413
33.748 28.461
32.749 26.885
30.286 24.274
28.337 19.213
26.647 13.915
24.676 11.207
23.032 10.384
22.394 9.242
20.789 10.635
16.817 14.139
12.390 12.585
9.923 9.721
8.604 11.532
7.444 12.872
7.319 12.191
7.244 11.234
7.024 11.051
7.207 12.874
9.044 15.084
9.659 16.367
9.073 17.870
10.808 18.589
12.329 18.394
13.024 18.083
14.104 17.361
14.532 17.272
13.642 17.995
12.754 18.317
12.821 18.142
12.790 18.208
12.738 18.261
12.658 17.997
11.795 18.685
10.368 20.259
9.870 21.454
9.866 22.713
9.825 23.607
10.231 23.540
11.020 22.957
10.762 26.335
9.481 32.129
10.919 36.535
11.634 41.094
11.332 42.513
11.214 44.539
10.797 55.786
10.472 67.042
9.876 71.349
10.296 73.827
10.533 76.131
10.777 81.027
10.651 87.641
12.143 92.346
13.605 96.045
12.296 98.279
11.764 98.583
13.390 98.671
14.995 98.689
15.997 98.205
16.584 97.726
16.649 97.737
16.665 96.703
16.785 95.523
17.088 94.934
17.442 94.367
17.040 94.866
15.735 96.123
15.347 98.353
15.809 100.925
15.470 101.930
14.783 102.028
15.108 101.978
15.640 102.017
17.482 101.979
20.251 101.564
21.319 99.235
23.814 96.577
29.129 96.697
34.956 97.092
41.693 94.754
47.089 91.940
48.729 90.034
50.237 88.842
50.832 88.631
49.297 89.257
47.773 89.743
45.890 90.419
45.284 90.289
45.355 88.284
44.439 86.942
43.995 86.822
43.659 87.542
43.267 89.615
44.370 91.545
45.884 91.460
46.105 91.288
45.890 91.868
46.035 91.800
44.438 90.796
44.849 87.880
48.184 82.496
51.922 75.336
57.793 66.934
61.439 60.478
63.486 54.988
66.734 49.524
68.347 47.192
68.126 46.256
67.378 45.763
63.314 46.082
58.062 44.019
56.401 40.794
56.762 38.847
60.291 36.498
64.326 35.727
66.786 33.257
72.218 25.796
79.426 19.581
85.003 18.159
89.730 18.074
91.604 17.213
90.143 16.854
89.553 16.582
89.118 16.516
88.626 16.638
89.415 16.779
90.734 16.722
95.873 14.871
101.958 12.951
103.958 13.142
104.198 13.678
103.713 12.918
102.635 11.675
101.332 10.818
99.811 8.888
98.788 6.696
99.976 5.645
100.453 5.099
97.563 5.183
94.192 5.339
92.232 4.878
90.237 4.564
88.604 4.725
87.839 5.063
86.245 5.388
84.563 6.081
83.732 7.300
82.995 8.059
82.893 7.858
83.721 7.702
84.972 8.172
85.682 8.776
85.359 8.922
85.339 8.923
85.672 9.051
86.684 9.016
87.716 8.870
87.262 9.082
86.652 9.403
86.405 9.364
85.453 8.693
84.916 9.002
85.847 11.265
87.096 11.901
87.397 11.785
86.370 12.445
85.457 12.178
85.452 11.296
85.330 10.833
85.011 10.377
84.986 9.787
85.148 9.858
85.226 10.102
85.329 10.312
85.433 10.395
85.525 10.322
85.519 10.407
85.499 11.231
86.805 13.966
88.128 17.492
87.753 20.502
86.611 24.600
83.961 31.914
79.499 39.306
77.696 43.014
77.747 44.166
75.147 42.382
70.225 38.846
63.272 34.992
57.439 34.227
55.226 39.160
55.122 47.843
52.845 59.715
47.788 69.352
44.006 71.739
42.919 71.566
44.709 74.835
47.300 80.427
48.393 83.791
47.389 83.759
46.168 85.125
45.295 93.727
44.867 101.285
46.483 102.423
48.114 103.419
48.928 103.455
48.803 102.877
51.146 100.283
58.110 96.880
64.378 99.269
66.946 102.560
69.735 101.741
74.860 100.445
79.391 100.452
83.084 100.579
84.675 100.769
84.155 99.939
84.809 99.226
88.576 99.544
88.831 98.470
83.327 94.961
79.232 89.342
80.070 84.445
84.070 80.241
91.160 77.463
96.191 77.331
92.110 75.132
88.247 66.940
90.905 58.273
95.249 52.557
97.069 45.887
95.476 40.431
94.440 38.177
94.464 35.654
91.521 32.556
90.191 29.698
92.399 27.295
95.919 25.301
100.789 23.386
103.264 22.771
102.349 22.886
101.435 23.911
100.592 23.928
96.769 24.265
92.472 26.877
89.322 29.355
87.032 33.111
86.201 38.114
85.915 42.947
85.461 49.021
84.012 53.771
84.435 57.967
86.488 63.262
85.682 66.089
83.517 66.326
81.533 62.515
78.978 55.200
75.759 50.787
72.716 51.398
72.056 53.588
68.957 54.892
58.395 55.802
44.685 53.643
34.084 49.371
30.609 47.224
30.807 47.022
30.269 48.224
29.333 49.014
28.499 46.318
30.232 39.771
32.605 35.657
33.229 35.594
35.729 36.785
36.246 38.823
35.071 38.972
35.060 37.640
33.685 37.994
31.692 40.374
30.360 42.189
31.353 42.291
33.438 42.057
34.687 43.091
34.444 45.268
35.905 44.940
41.255 44.068
46.250 44.862
47.318 44.725
49.836 43.596
55.793 43.241
60.571 42.966
56.336 42.790
47.060 47.542
44.329 53.913
42.985 58.026
38.421 62.979
29.826 67.005
19.797 69.376
12.495 70.368
8.932 68.091
8.299 66.107
8.038 63.989
8.491 60.293
9.262 59.392
10.629 56.055
10.950 48.682
8.709 44.573
6.705 42.955
6.702 39.063
6.898 34.179
6.810 31.158
6.902 30.254
6.656 30.534
6.899 27.795
6.597 22.786
6.606 18.554
6.892 16.140
7.966 14.079
8.964 11.048
7.594 9.710
8.618 8.970
16.191 10.415
25.530 13.162
29.882 11.341
32.372 14.267
33.676 23.130
34.101 26.566
35.453 26.234
36.226 25.601
36.596 25.630
36.265 25.497
38.683 23.108
43.668 23.398
46.400 25.415
46.589 24.379
46.976 24.342
47.052 23.901
44.461 17.697
42.670 11.568
42.897 9.714
46.414 11.619
55.333 15.799
64.932 19.893
73.120 21.715
81.248 20.262
90.707 20.375
97.120 23.115
96.829 29.586
95.829 38.668
95.542 46.790
92.101 54.640
86.686 60.045
84.597 60.654
84.957 62.013
82.805 67.687
80.508 72.247
79.390 73.560
77.406 75.128
75.866 76.053
75.016 75.536
71.600 77.128
66.130 80.408
62.777 81.626
62.028 80.833
62.178 77.192
62.793 68.965
62.844 58.985
61.888 51.521
59.975 50.031
58.546 55.055
58.299 62.836
54.303 70.541
46.425 79.735
38.403 86.123
30.828 85.107
26.508 78.914
26.302 73.527
26.418 72.696
27.824 72.382
30.630 67.214
32.745 60.923
33.059 59.170
32.234 59.152
31.893 59.150
32.497 58.014
30.515 57.731
27.648 61.580
27.375 64.424
28.458 67.784
31.789 75.199
33.975 81.133
33.254 86.187
35.275 90.616
41.873 93.778
45.403 95.905
47.110 91.525
53.763 84.991
60.847 85.181
65.399 86.486
70.122 82.168
75.000 76.416
78.342 73.062
79.370 70.272
82.173 66.708
86.281 64.008
87.798 62.311
88.084 61.895
92.013 63.764
97.768 65.811
97.989 64.952
90.200 62.190
81.154 60.611
77.869 59.339
78.232 57.654
77.040 58.012
73.860 61.189
73.162 63.012
74.690 60.905
71.808 56.686
65.973 53.568
63.357 51.887
63.737 49.744
64.097 49.101
64.752 48.490
66.326 42.701
63.098 32.933
57.133 27.243
54.757 31.606
54.721 40.583
53.822 48.590
51.230 56.981
48.675 66.056
45.919 74.494
42.382 81.055
39.352 84.518
36.802 85.608
34.721 84.735
33.548 81.195
32.860 74.540
30.522 65.926
26.113 58.657
20.646 53.710
14.330 49.290
9.557 46.298
7.918 45.227
7.383 45.397
7.174 45.459
8.455 42.474
9.647 40.128
8.380 40.224
11.900 40.250
19.016 39.234
20.301 38.463
22.508 39.946
28.945 41.875
30.861 42.862
30.181 43.830
32.878 41.824
37.398 34.424
41.011 26.925
42.198 25.585
43.049 24.672
42.893 17.415
40.745 11.576
37.578 9.452
34.094 8.263
32.458 8.247
34.631 8.675
44.339 12.867
52.760 23.145
54.111 32.892
54.401 37.769
54.323 39.560
54.254 39.706
54.476 39.792
54.654 39.801
54.511 39.629
55.182 37.741
54.936 34.505
57.033 33.823
62.569 34.418
69.044 35.114
78.527 36.845
86.041 40.435
89.357 41.734
89.453 36.083
88.530 32.688
92.736 32.047
100.622 30.168
105.077 30.585
105.270 33.785
102.547 42.431
101.140 50.988
103.434 53.974
104.039 55.591
103.559 56.559
103.206 56.414
100.394 55.385
97.526 56.478
95.632 60.751
92.637 66.394
90.257 73.812
89.123 82.537
87.498 92.042
85.255 100.183
84.247 103.784
84.242 104.422
82.510 104.589
80.731 104.608
80.027 103.060
79.335 101.794
79.257 101.904
77.853 101.051
74.714 100.705
75.303 99.503
79.668 98.664
77.917 100.042
69.955 101.038
64.886 97.248
62.735 88.678
59.330 82.737
56.216 80.507
55.323 78.719
54.842 77.842
53.696 78.763
52.239 79.926
49.432 83.119
46.791 85.358
46.396 82.168
46.544 79.412
46.384 76.661
46.386 69.603
45.791 66.582
44.388 70.172
44.502 77.699
47.236 86.492
51.416 91.879
52.692 96.307
51.377 99.621
52.845 101.809
54.669 103.304
54.779 103.419
54.334 103.385
53.949 103.602
54.197 103.976
51.739 103.868
48.107 102.892
46.852 103.213
47.225 104.182
48.156 104.289
48.629 104.418
48.518 104.517
48.224 104.231
48.314 103.456
48.501 102.452
49.709 102.465
53.383 103.533
59.627 103.851
66.545 103.606
70.473 103.552
72.757 101.834
74.541 96.807
75.400 92.013
76.367 90.147
79.625 90.728
82.824 89.071
85.276 87.289
86.901 87.991
84.301 88.244
78.735 87.552
75.509 85.936
76.031 84.153
77.469 78.594
77.826 71.594
76.363 63.888
73.780 52.951
71.007 40.716
70.575 32.362
71.331 29.834
72.141 26.921
74.219 19.987
77.469 11.420
79.504 6.689
79.636 6.513
80.536 6.829
84.959 7.118
86.785 7.236
82.228 6.841
75.919 7.748
71.407 7.286
69.914 5.948
69.818 5.455
68.565 5.437
67.223 7.684
66.921 9.262
65.433 9.268
64.608 11.185
66.104 12.863
67.858 13.793
69.988 15.057
72.757 17.389
72.728 22.830
70.429 25.934
69.177 24.840
71.684 25.814
76.218 30.031
77.674 36.822
76.313 46.674
73.039 57.843
69.059 66.442
66.712 70.079
65.974 71.662
66.244 72.093
65.529 70.971
62.647 66.039
58.761 58.346
53.449 53.894
46.396 52.356
40.768 53.099
36.802 55.704
31.698 59.428
29.546 66.681
31.249 74.601
31.450 79.715
29.217 82.359
27.856 82.688
26.765 83.858
22.577 89.710
20.951 97.324
24.547 101.816
27.149 103.163
28.190 103.211
25.484 102.482
16.646 98.978
10.971 94.178
12.169 86.417
13.756 76.077
11.594 70.188
8.669 69.016
7.801 68.554
6.759 66.866
8.548 64.344
13.797 60.440
17.596 56.610
20.323 55.054
25.108 53.812
31.142 48.906
35.645 40.684
37.700 35.307
38.159 34.327
38.609 34.678
40.068 35.366
40.506 35.352
43.339 34.580
53.232 36.482
61.143 41.429
64.632 48.090
72.253 53.708
80.276 55.759
83.031 54.337
82.921 51.406
85.099 49.998
91.487 46.955
97.679 44.272
101.371 44.060
103.632 43.228
104.598 43.143
103.979 43.688
103.111 44.256
103.345 46.879
104.397 52.015
103.564 59.018
102.535 63.715
103.000 64.312
103.266 63.441
103.133 61.963
101.960 60.930
101.581 62.293
102.459 66.057
103.046 69.880
102.794 72.991
102.355 75.145
102.479 78.092
101.892 82.263
100.402 87.057
99.387 93.121
99.995 98.428
100.697 101.945
99.240 103.405
97.588 103.264
95.515 103.499
92.191 103.699
89.599 102.548
88.527 101.253
89.088 100.816
89.583 101.489
86.498 102.158
81.344 101.464
79.352 101.821
78.327 101.854
77.341 100.811
77.418 99.721
77.211 98.740
77.076 98.715
77.069 99.401
75.714 99.899
74.864 98.492
76.539 95.436
78.767 89.777
79.778 79.530
83.444 68.630
89.784 62.184
93.311 58.661
96.568 56.840
99.507 54.928
100.474 53.224
100.510 53.241
98.952 53.600
92.470 55.561
84.890 58.767
81.005 59.013
77.126 51.963
71.057 41.659
67.740 35.081
68.290 32.640
68.877 31.077
68.719 30.259
67.933 31.643
66.826 33.776
64.545 34.986
63.320 35.693
62.351 36.423
60.972 35.994
60.453 35.412
58.960 36.714
57.648 38.246
57.653 39.282
58.641 37.440
64.159 31.998
71.827 27.789
77.804 23.750
81.103 19.136
81.826 15.921
84.693 12.504
88.073 8.602
89.589 6.661
89.877 5.827
89.670 5.180
91.078 5.281
95.071 5.812
96.030 5.537
93.936 4.555
94.078 4.843
94.763 7.198
90.561 8.838
82.970 7.022
79.686 5.417
77.994 6.821
74.861 8.240
74.498 12.838
76.244 19.865
75.541 26.697
69.840 31.549
63.370 32.435
60.491 33.003
59.736 34.693
58.532 33.563
53.525 29.968
45.859 28.323
39.519 26.134
38.345 24.950
43.153 29.211
47.774 35.214
49.272 38.717
50.756 42.147
55.300 47.329
62.009 54.481
66.028 60.883
68.696 64.620
71.159 70.792
71.218 77.444
70.919 79.054
71.570 79.327
74.086 80.043
78.526 83.302
82.927 89.731
87.247 96.973
91.915 101.941
95.824 103.422
97.303 103.545
96.996 101.342
96.183 97.314
96.344 94.117
98.727 91.938
100.345 89.981
101.223 89.678
101.779 90.747
101.503 90.802
102.134 90.724
102.378 90.954
101.982 90.413
102.064 89.765
101.201 89.668
98.644 89.629
97.751 88.304
99.059 86.443
99.755 85.334
101.625 84.442
103.183 83.439
100.606 83.541
94.724 85.248
88.658 82.155
83.527 76.071
80.797 74.428
81.155 73.723
82.032 71.891
81.526 71.326
79.749 71.397
79.696 67.922
79.364 61.424
79.421 56.322
81.329 49.411
82.997 40.207
84.440 32.391
84.449 25.839
83.117 24.321
83.358 28.801
84.391 32.097
82.553 35.726
77.827 41.152
72.733 42.902
69.619 41.592
67.620 40.967
66.525 41.385
66.565 41.442
66.466 41.475
66.355 41.415
66.290 41.407
66.267 41.627
66.586 41.214
67.359 39.085
67.513 36.938
66.134 36.492
64.447 36.003
63.452 34.378
64.128 31.839
64.379 28.893
61.956 24.456
65.146 17.975
72.582 14.787
74.982 14.602
75.229 14.722
78.214 18.083
82.614 19.424
85.890 21.437
86.959 30.541
88.293 37.548
88.521 39.413
85.845 38.844
84.454 39.188
86.310 41.206
87.702 42.086
87.019 41.687
87.200 40.970
87.257 41.562
87.871 42.534
90.071 43.114
91.877 43.672
93.221 42.377
95.016 40.528
95.697 39.539
94.796 38.774
92.159 39.904
92.241 41.805
98.181 44.281
103.386 47.235
105.097 49.115
104.557 51.778
102.052 56.051
98.113 57.091
93.343 55.654
89.813 56.762
86.955 56.547
82.215 51.122
74.534 43.746
66.299 37.830
62.536 34.430
61.119 32.917
59.287 31.476
57.641 31.187
57.064 33.037
57.749 35.196
57.794 36.014
57.513 35.862
57.336 35.702
57.334 35.758
59.158 37.896
61.630 44.040
60.197 51.692
52.214 56.274
40.851 59.920
34.631 64.272
33.381 66.110
31.529 63.885
26.467 59.255
18.814 56.025
11.551 52.726
7.814 51.685
7.692 50.585
7.935 48.062
7.858 49.598
7.997 54.258
8.960 61.617
9.349 66.785
9.180 67.030
9.196 66.390
8.832 65.840
10.547 65.306
13.944 68.678
14.287 76.469
14.543 84.434
15.637 91.167
17.152 93.410
18.257 95.380
16.531 99.553
16.958 101.078
19.274 102.028
19.426 102.717
18.435 102.485
17.255 102.243
15.874 102.302
15.626 103.035
17.741 102.809
23.135 98.733
30.053 95.657
34.416 98.208
36.592 99.774
38.685 98.886
40.226 100.532
40.272 102.705
37.658 101.704
33.097 97.010
33.468 92.523
41.583 91.797
47.757 91.325
51.180 88.118
60.526 86.968
70.778 88.887
77.274 90.724
82.566 91.132
85.226 92.443
84.537 95.688
81.706 99.182
80.731 101.838
81.340 103.284
81.276 104.219
81.332 104.227
80.701 104.212
79.568 104.279
78.942 103.762
76.139 103.294
73.341 102.018
73.757 101.018
76.720 101.831
79.129 99.442
79.320 94.386
81.456 91.497
85.342 89.063
87.980 86.872
88.102 85.684
86.439 84.306
85.179 80.863
89.090 76.185
95.029 74.312
97.723 74.998
99.658 75.692
100.562 75.799
101.307 76.484
102.199 76.778
100.725 75.965
96.051 74.211
91.726 69.387
89.228 63.637
85.684 60.833
82.077 59.121
80.583 57.452
80.436 56.703
81.921 55.356
87.782 54.012
95.315 54.210
99.737 55.964
101.337 60.456
103.342 66.569
105.509 69.501
106.088 69.276
105.554 62.955
104.820 54.307
104.579 50.668
104.386 47.972
103.990 43.940
103.235 37.311
102.632 32.143
101.988 30.137
101.855 29.044
102.195 26.750
100.964 24.966
97.751 24.157
94.066 21.066
91.518 15.558
90.832 8.949
91.525 5.340
92.019 4.667
91.141 5.688
90.296 7.130
89.122 7.436
88.032 9.018
88.848 10.365
89.643 10.537
89.548 11.277
89.432 11.364
89.262 11.494
89.125 11.532
89.482 11.226
89.432 13.113
88.325 16.593
88.295 18.934
88.305 19.048
87.928 18.887
86.162 18.336
82.091 13.548
79.956 10.105
79.528 8.609
80.182 6.402
81.609 6.677
79.151 8.516
71.706 8.451
65.802 6.927
62.790 8.493
57.150 11.494
47.926 11.464
40.466 9.787
36.240 9.564
35.269 11.004
35.617 11.877
35.169 12.419
35.976 12.609
35.456 12.550
31.152 12.834
28.460 13.568
32.696 16.501
37.495 20.374
37.712 27.573
33.519 39.240
26.880 48.190
23.548 52.559
22.173 54.296
21.484 54.173
19.688 54.527
14.754 56.371
10.712 59.564
9.031 61.805
10.218 62.834
12.192 63.576
13.691 64.010
14.927 64.288
15.042 64.298
14.930 64.141
15.700 63.566
15.437 63.019
14.840 63.627
16.016 66.704
13.710 71.546
10.459 73.754
10.538 75.355
10.975 79.227
11.306 82.058
12.992 82.247
14.836 81.549
15.834 81.195
16.550 81.293
16.354 81.676
16.175 80.988
16.292 79.543
16.247 79.726
15.839 83.449
14.478 88.074
13.512 87.464
14.066 81.947
13.057 77.321
13.554 75.220
18.275 75.585
21.032 77.112
19.384 76.795
17.086 75.090
18.289 73.356
21.476 72.405
24.838 71.733
26.697 68.888
27.179 66.018
28.261 65.737
27.425 66.009
26.100 65.963
26.792 66.430
27.663 66.975
27.447 67.546
27.222 67.909
27.017 67.580
26.733 67.289
26.380 67.034
26.150 66.873
26.282 66.795
27.011 66.515
30.101 63.522
34.129 55.644
41.529 53.082
48.216 56.762
48.647 57.644
48.476 58.632
53.659 59.908
61.112 58.835
64.841 54.665
69.500 47.728
75.012 44.504
77.587 43.543
78.025 41.100
77.457 39.836
74.528 39.842
69.046 39.841
66.229 37.942
65.617 36.261
65.399 37.630
68.215 38.060
68.632 32.410
63.789 22.865
58.336 15.706
53.412 12.354
50.308 10.807
48.461 9.718
47.649 7.952
47.209 6.758
45.495 7.806
42.738 9.308
38.230 8.664
34.210 8.109
31.145 9.274
28.137 11.129
29.160 12.064
35.404 10.993
44.882 10.320
53.561 11.311
55.335 12.606
52.465 13.452
53.062 14.702
55.157 16.060
53.069 15.945
53.227 13.925
58.959 13.940
64.814 19.459
67.500 27.019
68.615 36.500
70.398 45.332
72.444 48.155
74.413 49.159
74.365 54.158
71.342 59.060
68.973 60.397
69.542 61.827
70.926 62.054
75.684 58.129
83.392 56.417
90.874 60.931
95.967 66.572
97.935 68.918
99.121 69.513
100.613 71.391
103.546 72.208
105.721 68.546
105.692 62.407
103.823 62.266
100.035 70.504
94.339 78.061
87.252 82.868
82.456 89.636
81.797 96.812
83.088 101.995
84.261 104.065
86.474 104.345
91.697 103.998
95.232 102.995
96.049 102.024
96.481 101.037
95.819 99.857
93.169 100.421
85.601 103.011
76.350 104.048
71.706 103.591
72.386 103.564
73.990 102.329
70.628 101.460
65.607 102.190
63.896 102.441
63.808 102.534
64.135 103.412
65.281 102.455
64.879 99.308
61.822 96.559
57.056 93.705
51.947 93.317
49.953 94.795
51.443 93.284
53.947 87.357
55.081 81.059
55.213 81.182
54.646 82.249
52.717 81.958
50.612 84.615
50.073 88.817
50.102 91.688
50.604 91.589
48.624 89.302
40.789 86.003
32.827 85.915
29.878 89.824
29.393 93.387
28.931 93.511
26.836 89.506
19.133 86.916
12.062 90.552
10.009 94.094
9.566 94.068
9.226 91.186
7.715 84.398
7.614 75.995
7.953 71.294
6.885 70.481
7.374 69.138
8.227 67.787
8.493 68.866
9.624 69.567
11.806 68.327
14.927 67.850
17.466 68.175
17.786 66.351
17.642 63.972
20.152 63.845
22.647 63.724
21.103 62.705
19.577 62.654
19.850 62.993
19.380 62.677
19.262 62.466
21.311 61.117
29.166 62.040
38.702 67.305
44.884 70.928
47.729 71.173
47.647 70.536
46.631 69.748
43.240 66.503
41.942 62.851
44.108 62.400
44.490 62.097
45.170 59.515
50.202 57.909
54.297 59.138
52.083 58.738
46.566 57.200
42.724 54.935
41.532 47.063
37.821 35.704
34.887 26.963
35.628 22.240
35.303 20.784
34.181 21.863
34.956 23.635
39.537 22.468
43.463 15.588
45.038 9.224
45.140 7.908
47.034 10.441
52.551 18.829
57.870 28.527
60.179 34.629
60.763 38.717
61.001 38.344
59.110 39.985
58.923 49.752
60.026 61.501
63.432 72.188
69.332 84.802
69.778 97.170
65.646 102.945
62.833 104.160
61.522 104.350
59.626 104.566
57.449 105.228
55.185 105.088
53.009 104.377
52.508 104.169
52.795 104.134
50.442 103.785
47.464 103.491
46.234 104.072
46.263 104.214
50.123 101.490
55.513 95.129
59.659 86.958
62.920 78.670
64.291 72.748
64.226 68.843
65.305 61.757
66.792 51.112
67.137 43.303
67.302 40.139
66.814 38.057
67.221 38.462
67.845 38.965
62.565 38.968
53.138 38.802
44.683 32.847
38.682 25.756
36.107 23.665
35.775 23.069
36.714 21.750
38.136 21.278
38.746 21.177
38.760 22.124
39.799 24.703
39.986 27.187
40.166 25.616
39.662 21.595
35.161 18.433
31.672 14.103
30.333 10.375
28.706 8.664
25.617 8.910
21.107 9.963
16.442 11.387
10.940 12.818
7.486 15.341
7.459 19.700
8.007 22.642
8.110 24.861
8.620 27.147
9.836 28.011
10.777 28.938
11.214 29.227
12.480 27.574
13.481 31.274
13.220 42.099
12.330 49.980
11.355 52.611
12.515 59.818
15.118 69.223
18.303 71.795
21.341 72.990
23.182 75.367
24.011 74.325
23.488 69.739
25.985 66.429
30.621 64.455
33.885 59.363
38.888 52.400
43.250 45.177
46.625 38.439
47.901 35.882
44.483 37.020
43.671 36.540
50.023 36.536
56.538 41.832
58.487 45.171
62.352 42.047
72.523 39.702
86.113 41.233
95.415 45.241
99.450 49.098
103.143 51.544
105.693 53.208
106.535 55.048
106.266 58.592
104.616 59.768
104.560 58.831
105.743 58.868
105.331 59.597
103.406 59.849
101.217 58.282
100.343 59.366
100.900 62.314
100.486 63.819
96.506 69.645
92.310 79.642
91.233 89.337
92.333 97.490
94.260 102.349
96.503 103.911
99.444 103.436
101.843 103.637
103.807 103.830
105.273 101.406
105.438 99.528
104.762 98.212
103.624 95.300
104.051 93.678
104.410 93.402
103.087 92.928
100.522 92.478
95.224 91.959
87.230 89.991
81.914 85.807
79.039 82.494
77.061 81.240
76.125 80.552
74.363 80.492
73.825 80.321
74.476 79.713
73.557 80.541
72.207 81.706
73.017 80.723
73.557 78.599
70.085 74.042
63.744 66.418
59.118 57.585
57.535 50.761
58.322 46.603
59.190 43.110
63.207 40.335
71.759 41.388
78.630 42.414
81.046 40.592
81.375 40.281
85.948 37.839
93.912 35.890
98.804 37.104
101.510 33.813
103.972 30.213
104.848 29.275
103.966 25.292
102.925 20.964
102.372 18.647
102.432 15.962
102.314 13.079
102.407 10.283
102.174 8.665
100.940 8.185
100.702 7.204
99.992 6.357
98.728 5.792
98.409 5.581
97.627 5.053
96.909 4.659
96.060 5.516
94.089 7.735
91.183 8.635
88.388 9.386
87.955 14.432
87.588 23.212
83.424 31.454
78.919 36.089
76.769 38.864
75.515 40.079
75.103 40.370
74.324 40.476
73.405 39.911
73.035 39.367
73.119 39.084
73.634 39.063
73.794 39.056
71.611 36.366
69.207 32.479
69.019 32.010
69.063 33.313
69.210 33.768
68.960 33.984
68.131 33.042
67.500 27.361
65.848 20.004
62.890 15.267
58.665 13.713
54.903 15.461
53.780 19.945
54.495 25.294
55.499 31.930
54.479 37.137
51.234 37.266
49.970 35.283
48.308 34.372
41.464 36.480
33.988 39.842
33.242 41.778
39.192 41.766
45.921 43.831
48.705 46.957
46.810 47.631
42.316 49.259
36.576 57.308
31.381 68.483
29.234 74.715
28.963 77.871
25.021 85.926
19.396 96.949
18.653 102.372
21.982 103.150
25.314 102.788
27.548 102.526
28.361 102.618
27.959 100.577
26.409 96.288
24.446 92.559
23.453 89.466
24.813 85.205
28.362 81.000
30.277 78.176
30.697 76.098
33.389 72.008
39.914 62.746
46.981 51.613
50.913 43.504
52.998 41.406
53.031 40.864
51.624 38.974
51.654 37.488
53.309 36.395
55.517 37.774
56.977 39.747
58.693 41.295
59.681 44.976
57.641 45.117
51.597 42.868
46.741 44.700
46.145 46.513
46.783 46.154
48.789 43.692
50.754 41.246
52.367 40.198
61.230 39.321
72.612 36.906
75.527 31.423
76.347 25.063
80.214 19.049
83.274 14.622
83.694 12.021
83.568 10.972
81.800 12.293
77.789 13.086
73.797 14.294
71.390 17.984
71.414 22.236
70.837 26.899
65.828 31.320
61.477 31.389
60.275 29.782
59.454 30.521
59.311 31.373
59.068 31.184
58.482 29.170
59.104 24.328
60.087 18.774
59.463 14.523
56.676 10.816
51.242 8.479
47.953 8.107
51.418 8.049
62.283 9.498
74.030 14.492
82.611 18.886
92.127 21.778
98.720 24.874
101.552 24.838
101.881 19.506
98.718 15.174
98.272 14.391
102.020 13.924
104.010 12.237
103.152 8.693
102.285 6.691
101.728 6.109
101.887 5.916
101.444 7.163
100.391 8.618
99.824 8.871
99.499 10.549
100.087 15.678
101.075 24.382
101.614 30.880
101.687 32.752
101.907 33.637
102.565 33.563
102.376 35.533
100.739 38.090
98.187 37.712
95.778 36.896
95.340 37.276
95.391 37.697
94.868 37.410
94.699 36.747
94.266 36.242
93.598 35.736
94.058 35.277
94.599 34.690
94.372 33.703
94.047 33.119
93.201 33.133
92.569 33.089
92.950 32.526
93.155 32.251
92.687 32.646
93.153 32.339
94.217 32.187
94.249 31.616
94.214 30.023
93.397 28.924
90.893 27.766
89.289 26.063
88.367 25.437
87.014 23.872
87.916 19.805
88.063 17.832
87.454 17.715
88.193 17.908
87.834 19.392
88.125 24.875
89.573 33.395
90.456 39.497
88.494 42.971
82.665 44.215
73.289 44.505
63.448 45.982
60.063 49.394
60.695 50.092
60.501 48.862
60.076 48.815
60.100 44.327
60.120 39.074
58.650 40.329
53.042 41.843
43.691 41.620
32.037 44.479
18.882 47.100
10.489 48.440
8.076 49.796
8.291 52.537
10.887 58.321
12.037 63.367
11.374 65.359
14.226 65.522
16.827 63.134
19.578 59.593
24.867 57.738
27.394 55.025
28.336 51.812
31.567 51.247
35.733 49.731
36.947 46.618
35.770 44.920
35.367 44.328
36.457 44.470
36.305 44.448
34.957 44.070
35.479 45.204
36.344 47.952
37.129 49.262
38.464 47.827
40.048 43.191
44.343 37.009
50.260 37.360
54.808 38.601
57.252 33.034
58.962 29.437
63.821 27.890
69.823 24.136
72.854 21.797
71.469 20.974
67.193 20.182
63.454 17.909
59.313 13.508
56.163 10.192
56.306 8.712
58.688 10.202
65.834 17.302
73.751 28.319
79.070 37.483
85.221 43.804
93.645 50.427
100.983 55.405
104.469 56.375
105.911 55.131
106.142 50.787
104.994 47.106
102.506 54.714
101.479 65.462
102.813 69.254
104.159 70.038
102.345 70.586
98.905 73.159
93.080 77.746
87.031 82.808
85.623 86.774
85.486 90.704
87.183 97.474
90.292 102.878
91.810 104.198
91.891 104.163
88.843 102.998
81.762 102.349
76.813 103.206
75.438 103.261
73.353 102.723
70.385 103.429
65.334 103.088
58.827 101.120
54.429 100.146
52.399 99.961
51.370 100.162
51.361 98.801
53.511 92.960
55.577 86.600
56.402 84.062
56.545 83.642
56.440 83.329
56.492 83.181
55.726 83.559
55.098 83.919
54.877 84.025
54.605 83.703
52.684 83.567
49.263 79.972
43.767 70.331
37.576 61.775
37.247 58.826
39.944 58.362
41.660 59.792
42.546 61.739
42.322 62.380
42.563 62.479
42.614 62.133
42.129 62.231
42.167 62.051
42.156 61.708
41.722 61.860
41.348 62.061
40.682 62.052
41.309 58.220
45.454 54.743
46.288 54.392
42.974 53.013
41.928 52.471
39.394 49.131
35.732 42.262
34.172 37.393
32.790 35.068
32.333 34.006
32.102 31.964
30.586 29.331
32.194 29.429
40.203 32.274
47.918 34.577
48.276 34.543
47.098 34.928
47.776 36.396
48.371 41.928
47.863 50.208
45.896 53.933
47.913 52.418
53.221 48.483
56.936 44.072
53.933 40.539
47.827 39.148
46.803 38.332
48.441 37.195
48.662 36.955
48.206 37.165
48.259 38.046
51.981 40.541
60.625 39.176
68.351 39.360
72.004 44.737
73.185 50.705
73.492 57.914
73.313 64.157
73.704 67.607
73.658 67.676
74.249 69.474
79.055 73.186
87.757 73.247
96.718 73.293
100.425 75.868
100.469 77.370
100.909 77.351
99.668 72.530
99.893 66.189
103.498 65.173
105.001 64.649
102.494 59.687
101.930 53.237
103.408 49.167
102.848 47.155
102.240 45.767
103.338 45.454
103.909 45.801
103.141 45.808
100.978 47.254
96.761 50.192
94.158 52.734
90.755 49.511
84.560 41.106
79.175 35.912
74.542 35.173
72.118 38.196
71.887 44.830
70.017 52.201
65.831 56.158
62.784 56.921
62.183 56.806
62.592 53.229
63.814 45.387
67.149 37.197
72.330 29.796
78.612 22.251
82.027 16.935
82.007 15.635
81.570 15.952
79.804 16.844
80.858 14.798
83.887 8.745
84.320 5.791
83.103 6.246
79.553 11.270
75.950 19.479
72.115 25.555
64.430 27.897
55.561 27.916
49.404 29.554
43.754 34.252
33.233 41.037
23.706 45.409
21.027 46.860
20.224 47.693
19.363 47.387
19.670 46.893
20.744 46.965
21.922 47.178
22.633 47.304
23.795 49.078
23.770 49.771
22.211 48.052
21.427 47.520
21.215 47.516
21.499 47.443
21.950 47.186
22.204 47.236
22.175 47.464
22.280 47.369
22.957 47.456
23.492 47.688
23.612 48.062
23.693 48.347
23.562 48.179
23.503 47.590
26.599 47.259
31.750 47.552
36.679 50.850
40.870 57.852
42.632 62.705
43.928 64.401
45.327 65.433
45.578 65.538
44.481 65.746
39.271 69.659
32.438 76.738
26.270 84.911
19.757 90.892
16.734 91.583
16.972 91.500
15.233 93.099
11.280 94.589
9.368 95.063
10.788 97.296
12.530 100.609
12.995 102.338
13.326 103.054
17.853 101.922
25.264 101.236
28.631 102.738
30.729 103.241
34.650 101.429
35.776 101.006
33.366 100.748
33.598 98.680
31.612 96.571
27.422 91.392
29.884 84.130
33.638 80.495
35.936 79.090
39.366 75.880
41.709 71.873
42.850 70.503
43.228 70.629
43.248 70.014
43.055 69.887
42.698 70.040
42.608 69.808
42.491 69.484
42.003 69.222
42.300 69.542
43.727 71.691
44.126 73.025
43.310 72.256
42.751 71.986
42.866 72.265
42.601 71.896
42.233 71.212
41.680 70.870
40.957 70.779
41.595 70.899
42.991 69.528
44.889 65.106
48.455 62.979
51.590 63.497
51.384 61.089
50.851 58.313
51.383 58.273
51.742 58.980
51.808 58.830
51.835 58.703
52.244 58.779
52.237 58.622
53.792 57.467
55.624 54.761
55.285 52.270
56.254 51.048
61.264 47.288
69.162 46.382
76.456 52.578
80.921 58.283
83.690 62.844
85.855 66.784
89.467 66.435
96.224 65.432
97.925 64.168
89.547 60.664
81.475 59.742
79.248 59.668
79.037 56.244
76.868 50.848
73.485 43.600
71.928 39.819
71.016 43.928
70.158 49.386
69.244 52.306
66.860 52.585
61.906 50.419
54.957 45.216
49.326 39.461
47.757 38.555
48.365 41.036
49.820 40.858
52.674 38.935
55.042 37.589
57.272 36.235
58.966 34.070
59.993 31.932
61.250 31.389
60.787 31.364
60.432 31.508
60.290 31.838
59.614 31.960
59.822 31.400
59.986 28.914
61.467 25.142
65.211 24.118
67.456 25.094
68.570 23.319
74.467 19.706
82.901 21.315
87.546 27.825
90.197 31.517
93.153 28.982
94.832 26.163
95.738 27.018
95.518 29.100
95.904 35.178
97.645 37.369
98.507 34.809
98.597 36.527
97.050 42.827
96.259 50.519
95.990 55.991
94.906 58.441
94.847 59.729
98.665 62.123
103.820 63.785
105.787 65.229
105.288 67.493
103.943 70.336
103.064 72.283
100.513 71.682
95.295 73.506
89.898 79.962
85.105 86.852
80.789 94.619
79.721 100.890
79.541 103.647
77.147 104.822
74.748 104.813
73.574 104.161
71.940 103.039
69.425 102.480
66.382 102.416
64.558 102.012
66.041 99.205
67.531 95.238
67.526 92.599
67.719 90.584
67.278 89.436
66.043 89.285
66.155 90.213
66.003 91.257
64.722 91.440
65.434 90.910
65.811 90.807
65.584 90.869
65.649 90.901
65.256 91.109
66.634 90.366
68.733 91.130
70.251 93.164
69.494 92.838
67.626 91.168
67.599 90.173
67.305 90.646
67.182 91.498
69.085 92.088
69.965 92.470
69.061 92.321
68.597 92.339
68.761 92.308
68.779 92.330
68.283 92.533
68.151 92.459
68.954 92.016
68.667 89.822
66.190 88.550
64.229 87.441
65.143 82.703
65.952 79.003
64.649 77.190
64.616 75.309
65.980 73.787
65.286 72.726
64.312 71.865
64.897 71.305
64.799 71.314
64.470 71.290
64.168 69.209
61.117 66.551
58.767 65.284
60.106 63.932
60.668 64.136
61.322 64.998
63.916 65.940
65.469 67.117
65.806 67.175
65.264 66.024
64.978 62.722
65.473 58.634
65.399 56.814
64.024 54.280
62.206 48.977
60.452 46.486
58.800 46.155
58.309 44.592
57.458 42.085
56.780 39.047
57.209 37.166
57.054 37.018
56.234 37.466
56.366 37.516
56.236 38.131
55.360 39.658
54.762 40.575
54.039 41.382
52.339 43.342
51.791 47.887
52.719 51.251
54.179 52.750
58.086 55.503
59.396 59.685
54.101 66.030
47.772 73.104
44.093 80.174
43.952 87.032
47.025 92.266
48.923 95.430
50.158 97.834
51.472 98.948
51.183 99.052
50.218 99.559
49.715 99.845
49.887 98.062
49.171 95.377
47.292 94.617
46.271 94.743
45.208 94.941
43.787 95.421
43.262 95.398
43.139 94.541
42.590 92.863
40.368 90.383
36.981 85.795
31.748 78.891
26.978 74.883
24.404 74.957
22.089 74.475
20.334 75.680
19.191 78.780
18.647 80.249
18.420 79.906
21.488 74.308
28.672 66.378
31.403 63.900
29.741 63.796
29.249 62.555
28.276 62.541
28.970 64.335
34.406 64.519
43.042 64.617
50.445 64.227
54.600 66.487
56.556 71.431
56.325 73.251
54.811 72.817
53.064 69.651
54.400 67.931
58.233 65.438
61.812 58.027
67.306 49.242
71.613 41.542
73.923 36.758
78.603 37.871
83.263 42.877
85.792 44.203
87.454 43.982
88.552 44.941
88.387 43.676
91.024 45.221
97.296 50.308
101.972 52.784
104.266 54.269
105.365 55.760
105.753 54.890
105.977 53.379
107.171 54.359
106.722 60.295
104.951 66.276
104.099 69.153
103.144 69.163
101.544 68.165
98.406 71.618
95.664 78.638
93.584 85.045
92.067 90.068
91.894 94.588
91.308 96.135
89.818 96.362
88.985 98.774
88.174 99.734
86.440 97.892
85.579 96.774
85.710 95.908
83.434 95.850
80.173 99.499
79.114 102.548
78.494 100.740
76.337 97.569
74.656 94.689
75.558 91.043
75.893 88.534
74.523 88.309
73.590 88.318
73.141 88.047
72.725 88.230
71.816 88.980
70.918 89.576
71.615 88.772
72.173 88.117
71.805 88.121
71.591 87.702
71.722 83.854
72.688 76.273
74.433 71.340
75.246 69.588
76.125 68.737
78.173 68.883
78.848 68.802
78.355 68.456
78.178 68.374
77.621 68.263
77.447 67.959
77.892 67.061
78.231 62.797
76.686 57.311
71.870 54.685
67.953 52.257
67.123 49.572
66.242 48.734
65.679 47.752
67.024 46.269
68.013 46.277
68.193 46.471
68.290 45.994
68.119 45.758
67.753 45.842
67.613 45.857
67.666 45.726
67.525 45.629
67.349 45.469
67.075 45.421
66.926 45.426
67.360 45.954
69.081 47.344
70.340 48.292
69.834 48.367
69.376 48.233
69.374 48.300
69.401 48.462
70.288 48.382
70.590 47.889
67.199 47.420
62.438 49.347
60.843 53.090
62.236 56.921
62.004 58.917
56.398 57.896
48.086 57.735
42.656 58.527
39.400 53.801
31.920 45.025
22.675 36.392
18.030 31.519
14.629 31.257
11.470 30.465
10.398 28.259
8.831 27.326
7.189 27.629
6.465 25.675
6.358 23.252
7.141 22.437
6.420 19.762
6.218 15.926
10.032 15.946
16.588 18.282
25.462 19.427
34.088 18.793
40.072 16.302
42.310 15.379
43.474 18.276
45.989 20.987
46.881 21.606
46.508 21.447
46.394 21.262
46.347 21.104
46.486 20.805
47.643 20.967
48.629 20.181
45.797 17.646
44.735 17.699
47.144 23.696
50.015 29.871
52.326 31.369
51.253 32.531
51.044 35.354
50.900 35.428
50.251 33.585
51.491 32.939
52.872 32.669
53.595 33.596
54.881 35.257
62.437 40.110
71.095 46.388
72.722 47.247
71.462 46.887
70.981 49.417
73.669 50.792
83.112 51.573
94.554 53.155
100.987 54.706
103.324 55.963
103.317 56.053
102.578 54.842
102.411 53.296
103.371 51.826
104.146 49.386
103.984 47.175
104.432 46.633
105.562 48.926
106.099 55.053
105.369 62.010
105.499 64.852
105.997 65.183
105.469 65.338
105.126 65.793
104.126 65.625
101.580 66.277
99.852 69.015
100.484 71.358
101.948 74.580
104.131 77.984
104.715 81.315
103.596 84.578
103.305 87.232
102.928 89.176
102.580 90.029
102.550 90.246
101.919 90.223
101.614 91.665
102.120 93.483
102.630 94.603
103.029 95.666
102.140 95.656
100.605 94.717
100.266 94.237
100.509 94.465
100.976 94.947
101.234 94.715
100.601 93.502
99.444 92.184
99.216 92.709
100.087 97.435
100.341 102.158
99.932 103.858
98.616 104.452
95.896 105.196
91.761 104.565
88.115 102.755
86.421 103.276
84.082 104.308
81.600 103.256
80.995 102.442
81.806 102.280
82.484 102.298
79.905 102.197
77.777 101.491
80.035 100.519
81.230 99.255
80.026 97.621
79.256 96.300
79.268 97.329
78.804 99.024
78.820 98.822
79.571 98.073
79.174 97.241
78.540 96.431
79.455 96.664
80.476 96.181
80.036 95.302
79.314 95.019
78.863 94.345
78.643 93.949
78.438 93.934
78.488 93.453
78.775 93.344
79.099 93.573
79.349 93.399
79.321 93.080
79.095 93.087
78.770 93.259
78.569 93.316
78.549 93.248
78.704 93.155
78.892 93.128
79.072 93.334
79.583 93.738
79.795 93.935
79.230 93.850
78.648 93.595
78.583 93.039
78.746 92.775
78.782 93.217
79.244 93.833
81.371 94.142
83.554 93.715
82.625 93.193
79.761 93.204
78.128 92.785
78.610 91.736
79.852 90.573
80.830 90.583
80.937 91.668
79.848 92.067
78.846 91.766
78.526 91.255
78.611 90.278
79.525 89.135
79.678 88.761
78.355 88.312
77.337 86.877
77.819 85.933
79.029 86.509
78.649 86.652
77.696 86.369
77.713 86.572
78.179 86.887
79.178 87.807
80.026 88.845
79.398 89.439
77.900 87.914
77.608 84.577
79.998 84.090
82.106 87.394
82.091 89.933
81.290 90.377
80.425 90.476
80.010 90.249
78.409 88.762
76.885 86.836
77.020 85.750
77.943 86.017
78.786 87.759
78.118 88.405
76.981 87.553
76.635 86.775
76.823 86.341
77.198 86.446
77.946 86.741
78.869 87.109
78.752 87.652
77.989 87.820
77.907 88.297
77.742 88.945
77.581 88.177
77.311 87.060
77.138 86.624
77.405 86.453
77.538 86.579
77.656 86.648
77.707 86.559
77.783 86.338
77.461 86.134
77.512 86.087
77.779 85.948
77.474 85.926
77.656 86.045
77.454 86.314
76.972 86.365
77.158 85.554
77.147 84.564
77.186 83.856
77.196 83.122
77.273 82.718
77.046 82.583
76.813 82.152
77.663 81.275
78.314 80.668
77.341 81.047
76.144 81.835
76.381 81.966
76.863 81.909
77.186 81.617
78.099 81.642
77.845 82.008
76.250 81.822
74.526 82.506
72.743 84.124
70.419 86.291
68.286 88.778
67.459 91.031
67.796 92.781
68.343 92.435
68.928 89.036
69.639 85.545
70.901 83.193
72.965 81.772
74.044 82.186
74.216 82.675
74.890 83.770
76.422 86.946
77.659 89.718
77.884 90.913
77.489 91.000
77.084 90.501
76.989 90.248
78.139 89.272
80.319 89.312
80.487 92.157
77.656 94.210
75.434 94.632
74.528 94.162
74.069 93.296
74.257 92.867
74.001 92.360
73.153 92.831
67.484 91.932
59.766 88.585
54.949 85.585
52.340 82.719
49.067 81.974
45.538 83.665
44.807 84.294
44.791 84.200
44.804 84.551
45.003 85.080
44.863 84.729
44.446 83.866
42.318 83.207
33.115 83.340
23.775 86.380
21.442 88.745
20.909 85.995
20.670 79.920
23.435 70.677
23.935 65.761
21.739 67.489
21.918 69.297
22.667 68.702
27.942 63.713
34.591 55.838
37.375 47.866
40.050 41.798
42.784 38.455
47.301 37.310
52.988 41.651
58.532 47.682
65.664 50.653
73.974 51.835
84.485 50.690
95.691 50.708
102.775 52.536
105.359 54.775
105.317 55.104
104.375 52.556
103.312 47.168
102.661 41.042
103.524 38.342
102.771 38.178
101.216 38.292
100.879 37.843
100.668 34.641
101.051 29.826
101.963 26.261
102.212 23.977
102.617 22.975
102.749 21.667
101.398 18.254
100.983 13.836
101.641 10.246
100.878 7.424
99.555 6.277
98.807 5.716
98.023 4.724
98.012 4.464
99.270 5.053
100.331 5.746
100.602 6.621
99.941 6.843
97.557 6.918
94.392 6.915
92.984 5.808
93.757 6.063
95.517 6.801
97.026 6.800
96.918 6.298
96.013 8.086
95.954 12.865
94.577 16.756
92.079 19.938
89.820 22.827
87.069 25.348
86.577 27.020
87.352 27.358
86.440 27.749
85.495 27.277
84.152 27.278
81.793 27.679
81.096 27.307
80.894 26.637
80.110 25.276
80.210 24.209
80.155 24.258
79.798 24.422
79.705 24.386
79.376 24.564
79.298 24.391
79.314 24.108
78.490 24.334
78.197 24.079
78.551 23.543
78.562 23.652
78.650 23.620
78.580 23.497
78.656 23.421
78.997 23.324
78.852 23.371
78.389 23.412
78.160 23.340
78.450 23.559
79.187 23.973
79.489 23.649
79.864 21.512
80.605 18.211
81.233 15.666
81.013 14.841
80.451 15.193
80.946 15.891
81.197 16.391
80.732 16.473
80.450 16.398
80.201 16.173
79.687 15.444
79.254 14.024
77.653 12.420
73.716 11.390
71.153 12.969
71.697 14.894
73.350 15.855
75.072 16.947
75.372 17.343
73.890 17.740
73.055 17.535
74.291 18.842
78.781 20.961
82.575 20.112
84.217 20.366
86.945 21.144
87.964 21.084
87.890 22.688
87.013 23.754
83.411 26.899
80.881 31.783
80.473 34.551
82.193 35.272
86.346 30.736
88.278 23.833
86.930 20.732
85.568 22.794
85.287 29.408
82.925 39.449
80.242 49.704
78.968 56.465
77.832 60.224
77.887 61.336
77.302 61.023
76.590 60.663
76.776 60.216
72.739 56.688
66.280 51.791
62.755 49.914
61.195 49.493
60.482 49.317
59.980 49.474
59.598 49.802
59.349 50.088
59.667 49.031
60.521 47.117
60.559 46.055
59.811 44.736
58.922 41.298
58.347 37.065
58.485 34.695
58.134 33.815
57.659 33.076
56.668 33.102
54.294 37.177
52.897 44.277
52.188 51.395
51.349 59.307
50.722 65.430
52.661 67.269
57.366 70.016
59.838 69.989
59.046 65.395
58.823 62.847
59.816 61.740
59.635 61.209
60.007 58.637
61.406 55.330
63.476 53.860
63.771 53.045
63.335 52.550
63.348 52.272
62.235 52.221
61.878 52.152
61.441 51.892
60.990 51.623
60.780 51.440
61.532 51.401
62.419 51.215
61.674 50.997
61.437 51.113
61.890 51.121
61.376 50.823
62.493 49.326
69.712 49.675
77.461 52.587
81.742 55.984
86.779 61.483
90.951 64.489
92.039 65.034
92.251 66.359
92.483 66.758
90.572 63.299
86.060 59.728
82.589 57.425
81.444 53.670
80.002 52.494
79.425 52.710
79.607 52.371
78.810 51.889
76.514 50.837
71.602 50.674
65.621 51.607
61.696 52.794
59.217 54.182
55.769 50.007
54.121 44.826
53.209 42.220
50.540 38.900
49.982 38.062
56.374 37.118
68.010 39.253
78.071 45.122
85.536 47.397
93.101 46.889
101.260 46.776
104.637 45.528
102.968 41.765
102.224 38.839
102.521 38.434
101.564 38.372
101.049 39.589
103.004 46.716
103.390 55.796
102.573 58.340
103.332 56.300
101.786 58.617
101.222 64.220
104.492 64.823
106.566 62.553
106.692 61.704
106.682 62.155
106.564 62.993
106.041 59.066
104.837 51.347
103.308 46.612
100.449 44.393
96.801 45.189
95.849 48.661
95.987 50.047
95.404 49.856
95.163 49.988
96.674 50.480
100.432 51.838
101.519 51.279
95.727 45.625
88.762 40.616
84.700 39.160
79.338 36.402
74.353 33.038
73.585 32.431
74.839 34.648
74.464 39.767
73.588 46.448
72.881 51.410
68.622 56.197
60.695 60.902
53.194 62.451
46.598 59.332
37.262 53.956
26.285 47.260
19.717 38.444
18.989 31.865
21.138 30.702
20.374 35.824
16.840 43.597
14.819 48.723
13.534 51.981
12.523 56.055
10.802 60.491
10.690 64.326
12.807 67.796
13.449 68.642
12.876 70.603
12.413 80.702
13.660 88.705
15.490 87.707
15.106 85.070
16.928 82.748
21.306 80.913
25.484 78.973
28.525 76.745
31.358 76.618
32.415 75.458
31.292 72.685
31.577 72.112
31.883 72.636
31.511 72.479
31.590 72.107
31.452 71.842
30.773 71.557
30.667 71.412
30.902 71.328
30.804 71.306
30.459 71.329
30.918 71.501
33.152 70.254
36.369 66.929
37.847 63.685
39.322 62.802
41.976 62.626
41.858 60.644
40.082 59.090
40.135 59.785
40.746 60.949
40.764 61.048
40.424 60.817
40.187 60.741
40.487 59.187
41.558 54.444
45.031 50.916
47.228 50.140
46.081 49.299
44.653 48.824
43.847 48.662
43.752 48.386
43.846 48.269
44.204 48.363
44.310 48.174
44.801 47.518
49.476 47.169
56.313 50.996
60.785 56.284
62.526 58.496
62.563 59.608
63.548 60.189
64.953 59.078
65.556 58.275
66.131 58.498
67.507 56.881
68.035 54.038
65.280 54.260
61.539 57.855
63.516 57.541
68.788 49.572
71.287 41.171
74.440 35.136
80.358 25.940
87.724 19.327
94.977 20.615
100.224 24.930
102.392 30.095
102.861 34.471
103.874 36.626
104.182 38.269
103.482 39.659
104.600 38.821
104.933 38.722
103.293 40.116
102.719 40.224
103.534 39.516
104.117 38.820
104.633 39.284
105.691 40.728
105.459 42.163
105.345 42.233
105.060 41.140
104.608 40.192
104.810 40.231
103.930 40.361
102.302 40.608
100.612 41.546
100.448 42.530
101.387 43.813
101.302 44.861
100.931 45.298
100.998 46.944
101.806 49.541
102.040 52.180
101.555 53.955
101.981 54.307
102.795 54.325
102.914 55.334
102.790 57.374
103.271 59.867
103.823 61.960
104.097 62.667
103.105 62.269
102.655 64.585
103.095 70.191
102.685 71.404
100.845 69.348
95.700 70.363
91.082 75.072
89.314 82.659
87.021 91.796
85.326 99.363
84.198 103.171
82.377 104.299
80.390 104.427
77.766 103.737
75.650 103.045
74.831 102.840
74.585 103.072
72.998 103.099
68.288 102.529
65.056 102.355
65.311 101.891
64.407 98.950
61.557 96.772
61.394 95.919
63.033 94.617
63.268 94.143
62.569 93.976
61.952 93.964
61.739 94.261
60.890 94.561
60.254 93.303
61.247 92.035
63.130 92.359
63.006 92.584
62.124 91.339
61.950 89.663
61.550 89.305
61.183 89.523
60.778 89.562
60.551 89.592
60.355 89.452
60.130 89.361
60.497 89.219
60.767 89.057
60.401 89.226
60.045 89.352
60.094 89.206
60.549 89.014
59.825 89.209
59.009 89.384
60.611 89.285
63.950 90.367
66.569 92.262
65.790 92.526
64.294 90.816
64.465 88.815
63.154 86.797
60.826 85.052
61.484 84.028
63.492 82.886
63.270 81.935
61.874 81.099
61.261 80.475
61.190 80.409
61.200 80.453
61.265 80.514
61.144 80.526
60.959 80.555
60.815 80.456
60.687 80.402
60.661 80.449
60.614 80.446
60.501 80.560
60.551 80.664
60.671 80.558
60.688 80.380
60.041 79.834
58.963 78.850
58.838 78.459
59.880 78.737
59.881 78.507
59.948 77.907
61.641 78.236
62.707 78.806
62.816 78.618
61.857 77.232
60.438 75.199
60.999 74.761
62.846 75.511
63.778 76.098
64.081 75.372
62.930 74.134
62.209 73.828
62.551 73.703
62.164 73.540
62.348 73.585
62.996 73.858
63.230 74.408
64.204 75.316
64.761 75.665
63.692 74.989
62.837 74.567
62.861 74.739
62.536 74.575
61.909 73.411
62.207 72.638
62.470 73.218
62.729 74.111
62.968 74.168
62.403 73.924
61.832 74.320
62.033 74.459
62.364 74.364
62.232 74.330
61.925 74.153
62.104 73.460
62.309 73.011
62.530 73.818
62.865 74.467
62.294 74.156
62.249 74.031
61.776 73.886
61.293 73.747
62.262 74.715
62.910 75.278
62.612 74.635
62.080 74.209
62.181 73.953
62.529 73.563
