126.614 115.918
123.494 112.055
124.273 115.139
140.523 112.608
176.411 102.869
204.684 99.765
205.656 86.379
202.322 63.942
207.676 55.495
210.466 41.427
216.390 26.278
219.517 27.728
221.718 33.720
242.498 52.283
271.196 80.033
288.921 109.333
302.133 137.837
313.319 153.052
310.861 161.225
293.899 168.840
281.836 187.818
269.150 214.241
245.089 232.331
215.844 241.712
183.435 238.230
160.006 227.325
157.616 218.786
162.844 216.987
163.336 218.730
161.472 221.220
161.575 212.294
179.612 202.184
194.065 201.446
192.908 198.532
195.776 196.882
198.054 199.520
188.655 201.528
175.556 211.252
175.881 221.050
189.995 207.243
207.894 174.149
234.917 146.448
258.068 142.004
261.237 140.969
259.309 134.522
261.279 136.718
269.235 155.508
284.884 191.401
306.961 221.749
333.701 236.554
356.060 246.032
363.809 252.199
353.194 233.107
325.283 195.237
312.248 168.146
314.994 160.345
301.269 173.957
269.494 183.957
232.943 176.821
224.510 153.811
245.422 130.327
257.213 125.101
248.714 117.671
242.981 104.476
234.593 90.399
215.271 87.117
202.284 112.055
191.321 126.782
187.225 122.947
192.593 128.117
195.627 149.976
189.910 186.397
189.585 224.360
186.806 256.069
174.580 273.561
164.515 277.574
159.852 278.582
173.927 280.462
196.815 281.160
212.908 286.298
222.405 293.934
226.274 307.032
227.672 323.623
227.667 329.103
214.908 326.974
188.938 319.360
175.032 308.851
162.432 297.046
136.669 277.117
122.175 245.082
114.814 201.508
104.925 167.240
103.739 160.664
97.421 177.270
80.615 194.575
60.254 184.761
43.462 171.681
37.426 173.997
35.732 174.522
47.267 187.509
341.313 226.335
312.342 216.747
281.711 211.971
272.214 207.103
273.918 201.269
268.696 203.864
257.577 215.546
256.645 220.436
261.392 211.894
249.392 197.116
229.312 186.884
221.579 180.825
223.271 173.260
224.354 172.064
227.040 168.704
232.178 146.140
218.970 112.266
198.216 95.284
191.719 113.525
191.623 145.000
187.522 172.804
178.422 202.851
169.639 234.223
159.208 263.327
146.937 285.338
136.932 296.409
127.981 299.729
120.967 295.753
117.228 282.327
114.495 258.039
105.638 227.861
89.601 203.265
70.135 186.525
48.181 170.851
32.290 161.363
27.392 158.376
25.561 159.029
25.600 158.428
30.389 147.278
33.064 140.550
29.550 141.108
44.359 140.495
67.820 136.868
70.954 134.655
80.760 140.730
102.933 147.037
107.966 150.297
105.976 153.433
116.469 144.630
132.658 117.412
143.987 92.550
147.578 90.094
151.160 84.493
149.896 57.966
141.626 39.404
130.250 32.613
118.492 28.930
113.121 29.181
123.466 30.746
159.115 47.780
186.160 85.053
189.597 117.407
190.400 133.100
190.090 138.687
189.906 139.185
190.888 139.249
191.185 139.460
190.752 138.550
193.149 130.670
192.669 119.818
201.056 118.754
221.112 120.741
244.617 123.046
277.969 130.302
302.982 142.728
313.189 144.578
312.992 124.548
310.318 114.493
326.865 111.509
354.537 104.965
368.366 107.565
367.982 120.477
357.692 152.156
354.301 180.230
362.957 189.346
363.930 195.043
362.429 198.310
360.614 197.195
350.052 193.835
340.677 198.563
333.945 214.346
323.529 234.498
315.346 261.220
310.898 292.498
305.492 325.317
297.980 352.519
294.958 363.746
294.427 365.599
288.151 366.176
282.105 365.888
318.180 29.515
320.665 18.099
321.757 16.374
318.785 20.533
315.662 25.016
311.290 26.448
308.278 32.382
311.354 36.229
313.830 37.109
313.377 39.591
312.984 39.787
312.268 40.342
311.975 40.135
313.402 39.375
312.586 47.121
309.060 59.576
309.148 66.412
309.019 66.525
307.698 66.527
300.106 62.638
286.177 45.554
279.340 35.105
278.288 29.378
281.259 21.666
285.599 24.159
274.951 30.372
248.346 28.971
229.085 23.896
218.514 30.893
196.984 40.913
164.525 39.487
139.727 34.125
126.267 33.801
123.490 38.805
124.430 41.721
123.283 43.666
126.190 43.983
123.014 44.018
107.270 45.309
100.371 48.157
116.232 58.817
132.212 73.059
131.790 100.155
114.915 141.081
92.193 170.795
81.601 184.987
76.993 190.056
75.179 189.676
67.515 191.478
49.724 198.282
36.488 209.181
31.570 216.694
36.754 220.344
43.332 222.746
48.272 224.199
52.614 225.065
52.341 225.087
52.361 224.352
55.020 222.324
53.755 220.481
52.517 223.001
55.444 235.348
46.687 251.822
36.478 258.429
37.132 265.067
38.300 278.535
39.909 287.397
46.258 287.797
52.488 285.275
55.830 283.978
57.842 284.746
57.129 285.860
56.680 282.800
57.031 278.212
56.723 279.863
55.127 293.836
49.933 309.179
47.377 304.422
49.344 284.721
45.338 269.680
48.644 262.964
65.455 264.837
73.507 270.012
66.957 268.628
59.700 262.307
65.152 256.274
76.562 253.355
87.917 250.324
93.460 239.781
95.391 230.676
99.034 230.250
95.307 231.013
91.358 230.966
94.054 232.713
96.819 234.693
96.093 236.604
95.363 237.498
94.382 236.359
93.474 235.586
92.359 234.589
205.999 338.951
226.838 348.793
234.857 359.417
245.431 355.224
263.814 351.451
279.580 351.918
291.850 351.986
296.024 352.284
294.319 349.627
298.140 347.750
311.158 348.086
309.725 343.720
289.512 330.833
277.065 310.564
281.041 293.932
295.975 279.968
321.544 270.560
336.500 270.334
320.842 261.101
308.722 230.970
319.346 201.678
334.890 181.688
339.754 158.204
333.282 140.410
330.728 133.010
330.205 123.692
319.081 113.073
316.197 102.836
324.241 94.698
337.067 87.918
354.529 81.350
361.352 79.830
357.870 80.416
354.920 83.839
350.981 83.564
337.079 85.464
322.508 95.097
311.652 103.625
304.173 117.415
301.710 135.174
300.567 152.184
298.628 173.575
293.725 189.863
296.015 204.758
302.827 222.758
299.269 231.862
291.822 231.704
284.680 216.400
275.311 190.699
263.952 177.338
253.876 180.743
251.933 188.044
238.901 192.494
199.767 195.573
151.989 186.249
116.871 171.395
106.864 164.869
107.876 165.100
105.492 169.148
102.564 171.396
99.839 160.259
106.330 136.783
114.701 124.469
116.971 124.671
125.698 129.483
126.686 136.314
122.484 136.063
122.063 131.578
117.475 133.565
110.640 142.167
106.119 147.842
110.356 147.978
117.620 147.530
121.405 151.353
120.610 158.644
127.386 157.073
146.907 154.133
162.608 157.379
165.487 156.126
176.035 152.227
197.814 151.593
211.965 149.660
193.762 150.658
162.650 168.945
155.083 190.390
149.311 204.548
132.167 222.144
100.727 235.510
66.002 243.287
42.130 245.927
30.702 237.569
28.932 231.112
28.317 222.510
29.962 210.326
32.751 207.397
37.782 193.774
37.582 168.293
29.362 155.491
23.622 149.422
23.477 135.012
159.284 292.927
162.425 295.641
171.842 309.187
163.002 335.459
141.746 357.246
132.512 364.393
120.321 365.044
105.435 364.626
92.325 362.542
79.712 359.698
69.070 352.523
62.209 334.936
59.648 313.039
59.227 283.805
56.134 260.227
56.080 254.581
59.214 257.267
66.962 263.940
87.408 257.412
107.767 258.083
109.689 258.310
99.105 235.753
103.307 208.499
116.788 182.876
133.994 164.776
156.194 153.902
167.855 148.943
182.203 146.264
196.451 136.858
195.566 127.900
195.484 129.582
197.619 139.056
209.086 160.563
233.522 184.174
256.789 196.608
265.365 196.287
277.028 191.566
303.247 185.521
334.821 180.429
361.804 187.276
371.414 207.996
370.689 232.756
366.037 250.231
362.936 261.249
360.992 273.247
356.041 278.934
352.357 275.007
353.668 285.430
354.552 312.323
347.563 336.525
336.062 351.886
328.676 360.182
328.544 364.390
328.376 363.567
324.706 361.719
321.142 361.753
320.205 363.048
320.896 361.496
320.370 358.592
321.480 355.990
319.372 351.585
307.401 353.870
297.985 357.993
295.984 357.685
299.866 346.560
305.790 336.089
302.068 337.423
285.463 339.242
264.257 345.000
250.285 354.117
245.844 357.795
247.253 358.620
250.197 348.834
246.836 326.779
234.674 305.792
229.898 277.234
228.635 239.429
223.720 195.087
223.869 158.409
222.066 144.319
219.177 139.036
225.520 131.988
245.956 124.408
258.789 115.108
261.673 105.780
279.349 115.370
300.576 130.590
312.034 130.055
317.182 127.196
318.009 127.665
298.370 120.996
264.166 122.041
236.860 135.410
220.048 150.422
208.357 167.383
191.267 169.531
169.999 162.914
141.712 159.490
106.148 156.940
84.169 161.126
131.537 202.525
128.310 203.007
131.738 202.515
135.983 201.698
135.353 201.558
132.257 202.100
132.483 202.038
135.120 201.588
135.295 202.759
137.957 203.577
141.989 202.751
142.509 202.853
140.347 202.642
136.271 200.502
136.791 199.172
141.252 199.271
143.710 199.727
143.141 201.167
140.930 203.011
139.926 203.967
141.313 204.094
143.213 204.064
142.964 204.197
141.253 204.084
139.742 204.211
140.263 204.335
142.146 203.423
142.950 202.749
142.134 202.867
141.497 202.628
140.792 203.400
141.241 203.691
142.516 202.929
142.458 202.695
142.458 202.730
142.545 202.971
142.288 203.332
142.480 203.413
142.977 202.685
143.024 202.370
142.669 203.031
139.555 202.551
133.472 198.745
131.847 189.241
135.909 176.508
139.887 175.986
140.012 182.348
135.354 180.291
130.321 176.233
128.587 174.864
132.114 173.920
137.180 173.056
133.447 173.187
128.079 175.686
133.161 180.615
139.186 183.911
138.697 184.922
135.320 184.206
132.900 182.103
134.148 178.041
136.081 167.261
148.584 158.123
163.077 164.330
161.616 177.881
154.448 181.071
150.783 179.218
154.255 183.667
156.979 189.796
156.964 192.598
156.497 193.284
155.874 193.341
155.775 192.474
153.745 191.432
152.343 191.120
152.734 190.686
155.717 184.490
175.040 173.478
202.039 177.114
224.175 193.250
243.288 211.118
263.298 237.733
286.213 261.183
310.243 277.596
329.302 291.653
337.572 304.863
341.352 317.455
333.569 340.281
324.976 363.147
335.859 361.546
356.089 350.881
352.748 341.949
340.237 331.062
345.436 325.508
347.779 328.552
345.068 333.780
346.609 334.916
347.449 332.986
349.149 322.146
351.665 306.790
347.680 300.721
329.817 104.458
326.080 101.011
317.270 96.632
312.363 90.729
308.866 88.836
304.505 82.264
308.058 68.239
308.063 62.338
306.084 61.883
308.719 62.913
307.176 69.052
308.910 89.782
314.048 119.515
316.214 139.802
308.563 151.264
286.563 155.198
252.738 155.778
219.619 161.683
209.909 173.465
212.786 175.186
211.783 171.258
209.961 169.646
210.211 153.297
210.784 136.457
203.640 141.704
182.807 146.482
149.712 146.272
107.173 156.898
62.033 165.315
35.230 169.927
28.067 174.903
30.017 185.447
38.964 206.442
41.716 222.846
40.490 228.813
50.704 229.340
59.478 219.981
70.257 207.384
87.968 201.324
96.407 191.268
100.434 180.867
111.593 179.193
126.284 173.139
129.166 162.200
124.544 156.765
124.265 155.224
127.541 155.601
126.583 155.451
122.649 154.378
124.399 159.015
126.984 168.663
130.395 172.355
135.008 166.440
141.180 148.522
157.139 128.558
178.060 131.891
193.150 133.976
200.763 113.705
207.646 102.409
225.133 96.482
246.136 83.143
255.687 76.171
248.764 73.160
233.423 70.098
221.033 61.489
206.028 46.075
196.210 34.737
197.478 30.236
207.382 37.262
233.288 64.176
260.138 102.965
278.734 133.379
300.714 155.434
330.924 178.860
355.159 194.945
366.331 196.975
370.913 192.128
371.181 175.640
366.911 165.649
358.196 195.819
355.254 231.542
360.463 242.917
365.096 245.206
356.814 247.538
343.741 257.336
323.876 273.917
303.541 291.395
299.480 304.898
299.284 319.550
306.257 343.472
316.963 361.074
321.423 364.837
321.423 364.338
308.912 359.950
283.666 358.521
268.137 361.465
263.541 361.056
255.732 359.969
244.966 362.295
226.418 359.845
24.035 118.205
23.997 108.352
23.965 105.995
23.369 106.556
24.162 95.711
23.086 77.864
23.214 63.895
24.197 56.080
28.451 48.162
31.051 37.760
25.851 33.722
32.089 31.302
60.250 37.390
91.596 46.254
105.976 40.176
113.788 52.251
117.997 82.915
119.804 93.333
124.221 91.577
126.906 89.615
128.223 89.751
127.145 88.690
136.671 80.225
154.603 82.243
162.919 89.991
162.916 84.845
164.293 84.755
164.384 82.413
154.992 59.513
148.746 39.281
150.712 34.240
164.897 41.740
197.051 56.561
230.383 70.864
258.606 75.863
287.819 70.761
320.604 71.778
340.631 82.534
338.292 106.071
335.694 138.298
333.792 166.792
319.792 194.097
302.254 211.164
296.301 211.616
297.037 218.734
288.730 239.354
281.169 253.511
277.361 257.879
270.201 263.406
265.274 266.276
261.880 264.507
248.934 270.778
229.783 282.363
219.076 285.691
217.010 282.176
218.146 267.919
219.546 238.068
219.572 203.183
216.604 178.636
209.195 176.126
204.904 195.262
203.321 222.487
187.574 250.058
159.515 281.926
131.525 302.341
105.874 296.314
92.390 273.503
92.091 256.582
92.489 254.777
98.315 252.389
108.437 232.637
115.145 211.742
115.245 207.166
112.371 207.113
111.896 206.899
113.562 202.370
105.721 202.826
96.122 217.133
95.965 226.257
100.658 239.338
112.176 265.798
118.826 285.717
116.625 303.341
125.387 318.062
148.592 329.181
159.637 336.187
166.181 317.501
190.636 296.003
214.963 299.064
230.358 302.081
247.140 285.673
264.247 265.691
274.846 254.825
278.282 244.660
289.084 232.332
302.925 223.426
307.334 217.576
308.835 217.063
324.176 224.022
343.584 230.573
221.179 329.444
218.659 328.915
216.551 329.090
216.117 330.000
213.021 330.612
210.850 326.007
214.951 322.102
221.057 323.581
220.454 323.754
217.216 318.997
216.278 313.547
215.286 312.661
214.495 313.263
212.651 313.489
211.466 313.674
211.508 312.953
210.477 312.698
211.718 312.268
213.004 311.611
211.376 312.291
209.767 312.805
210.280 312.201
211.950 311.553
208.966 312.311
206.684 312.731
213.179 312.560
225.156 317.029
233.262 323.449
229.575 323.428
224.788 317.182
225.548 310.146
220.224 303.075
212.322 297.352
216.024 293.653
222.862 289.512
220.845 286.547
216.173 283.669
214.430 281.483
214.057 281.410
214.235 281.687
214.456 281.842
213.925 281.871
213.327 281.922
212.804 281.506
212.405 281.407
212.358 281.548
212.120 281.561
211.711 282.055
211.908 282.381
212.350 281.984
212.308 281.230
209.953 279.028
205.988 275.586
206.183 274.757
210.070 275.627
209.302 274.461
210.182 272.732
216.094 274.077
219.545 275.864
219.974 274.934
216.122 269.543
211.148 262.597
213.954 261.906
220.753 264.675
223.298 266.211
223.886 263.397
220.132 259.192
217.480 258.372
218.608 257.937
217.987 257.357
218.488 257.638
220.614 258.524
221.685 260.638
224.983 263.997
226.354 264.772
222.328 262.189
219.930 261.072
219.927 261.569
218.746 260.742
216.889 256.504
217.281 254.107
218.694 256.691
220.044 259.603
220.083 259.367
218.459 258.872
216.411 260.330
216.726 260.376
218.550 260.313
218.073 260.305
216.528 259.282
217.234 256.680
218.344 255.780
219.114 258.891
219.818 260.473
217.930 259.387
217.680 259.105
215.868 258.471
214.813 258.321
218.491 261.683
220.329 263.357
279.676 360.172
277.711 356.012
277.287 356.531
271.485 353.656
261.127 352.270
265.055 347.705
279.442 345.286
270.359 350.806
242.040 353.396
226.202 337.832
218.759 307.453
206.250 288.290
196.196 281.133
193.501 275.015
191.520 272.591
187.629 276.195
181.883 280.408
171.843 292.027
163.496 298.315
162.401 286.268
162.823 277.719
162.515 266.250
162.368 241.407
159.804 233.400
154.827 247.661
156.381 275.024
167.016 305.126
181.098 323.320
183.887 338.460
179.553 349.678
185.785 357.027
191.811 361.746
191.665 361.900
190.022 361.692
188.951 362.763
189.328 364.133
179.638 363.140
167.168 359.978
164.116 361.653
165.702 364.781
168.909 365.023
170.229 365.562
169.516 365.817
168.658 364.615
169.387 361.677
169.911 358.489
174.760 359.025
188.654 362.658
211.264 363.310
234.864 362.477
247.456 362.163
255.397 355.023
261.096 336.867
264.470 321.144
268.448 315.654
279.718 317.434
290.717 310.710
298.956 305.227
304.129 308.613
293.789 308.520
273.763 305.848
263.683 300.375
266.899 293.211
271.424 272.754
271.950 248.074
266.250 220.638
257.061 180.973
248.486 138.505
246.994 111.781
249.639 103.916
252.965 92.372
261.089 66.632
272.391 37.496
278.434 22.920
278.418 22.926
282.996 23.988
299.219 25.138
303.131 25.130
285.278 24.134
263.556 27.369
249.181 24.974
244.620 20.472
244.062 18.885
239.330 19.566
234.974 27.794
234.234 32.343
228.385 32.721
226.309 40.089
232.046 45.335
237.911 48.650
245.906 53.383
254.967 62.293
254.236 81.442
245.984 90.817
242.238 87.100
252.503 91.258
267.884 106.872
271.359 132.077
266.490 167.059
254.354 206.081
34.437 182.650
32.124 199.684
34.358 210.095
36.257 214.590
38.896 227.276
38.692 236.417
37.535 240.500
41.180 246.007
45.140 250.818
47.166 253.094
51.580 251.457
54.835 250.270
56.275 249.460
57.238 248.890
57.675 248.480
56.977 247.026
54.874 242.663
51.459 235.563
48.077 228.262
43.921 224.678
42.296 224.767
44.088 221.546
43.517 221.081
43.170 223.615
44.824 222.110
44.147 222.471
46.335 223.307
52.771 228.323
54.211 244.051
49.791 254.973
50.711 248.783
54.074 238.516
54.560 232.011
56.269 228.879
56.575 233.063
57.632 234.418
60.368 234.093
60.370 237.011
59.636 239.097
58.195 244.605
56.633 243.660
55.370 232.264
53.746 225.111
55.899 233.141
55.930 246.277
54.423 250.355
56.961 249.470
56.848 248.136
56.849 245.045
56.286 247.113
52.800 254.406
52.619 257.441
53.624 256.676
54.343 254.251
55.347 248.779
57.135 244.197
54.968 250.254
50.220 259.927
47.877 263.753
45.459 265.541
41.496 264.586
39.883 263.608
37.826 264.825
34.253 269.203
40.217 272.101
51.457 264.638
59.829 248.789
60.451 231.506
54.090 221.021
64.422 219.517
102.020 227.950
137.855 244.614
154.904 250.886
162.346 245.594
164.694 243.537
163.844 241.529
162.644 240.302
152.348 242.567
135.923 246.703
132.139 238.799
140.210 213.215
143.166 187.010
129.101 177.430
119.611 177.173
113.599 158.724
97.751 138.734
87.689 133.165
83.085 129.483
86.542 125.419
93.353 121.405
114.111 115.555
148.573 103.927
168.978 91.227
178.188 81.400
180.815 76.728
176.688 79.278
186.028 96.166
203.106 128.538
210.383 143.014
214.253 129.696
370.313 354.296
371.028 354.359
370.110 353.330
368.212 355.180
367.495 354.182
368.705 351.425
370.296 349.700
369.765 345.008
366.941 339.234
364.067 337.290
360.361 338.044
358.242 330.281
360.379 313.964
363.481 301.924
365.471 293.155
368.138 290.335
370.020 287.211
370.035 278.015
368.967 270.835
366.605 265.856
365.436 262.796
364.294 260.562
360.839 262.758
360.397 263.229
362.668 248.254
363.570 239.445
359.571 247.362
352.479 256.272
341.902 266.163
325.090 276.860
304.977 280.448
285.225 280.244
272.811 277.374
269.307 272.195
268.284 269.006
264.460 259.024
262.884 242.281
265.724 228.749
265.722 212.199
258.224 178.112
245.775 146.580
232.643 120.689
224.513 98.789
227.163 92.636
231.640 79.454
225.206 50.650
220.090 29.723
220.313 25.757
218.696 25.759
218.281 24.184
223.737 23.834
251.776 27.327
284.537 29.512
290.737 26.898
261.388 28.906
219.770 49.513
200.111 76.261
195.915 94.126
196.458 109.572
198.117 122.055
202.193 142.953
202.400 167.984
191.929 174.587
164.926 181.454
126.203 197.817
84.664 202.338
53.305 193.157
41.749 181.059
44.036 164.198
51.038 148.692
52.564 145.604
53.054 142.274
56.677 126.855
61.849 105.108
66.996 90.272
65.302 85.709
65.691 83.774
70.229 85.580
60.878 94.082
42.047 111.489
30.353 124.291
27.785 124.658
26.250 122.470
25.796 119.185
26.298 120.199
27.603 123.344
30.237 114.404
32.397 98.673
31.973 93.935
27.278 94.412
25.290 83.561
29.060 69.173
28.125 79.414
24.999 114.437
25.683 141.532
26.581 149.108
26.993 147.625
29.622 148.266
33.833 159.564
37.646 171.578
79.962 167.766
76.128 157.130
74.542 125.367
78.093 90.916
82.646 66.401
86.525 55.041
85.703 49.708
75.992 45.607
62.376 43.799
52.917 37.204
50.027 30.211
46.017 30.348
39.281 34.606
53.330 34.432
90.626 32.797
122.502 30.864
140.786 27.659
158.846 36.949
179.924 59.889
195.838 87.336
202.584 118.903
199.437 146.174
194.652 158.414
204.594 176.739
224.803 216.545
242.797 267.929
245.836 316.940
241.754 349.018
243.982 362.422
253.595 364.459
265.245 362.782
269.416 361.787
266.764 361.712
255.233 363.182
235.578 365.035
202.964 362.685
174.603 359.241
164.993 360.431
162.855 362.172
165.435 362.373
168.883 362.690
172.622 362.486
179.041 360.250
183.165 359.009
181.063 359.622
169.611 358.717
158.054 358.631
153.345 350.230
147.549 331.349
154.927 311.758
172.361 298.830
174.692 293.934
171.302 291.084
172.299 292.679
160.943 305.587
138.869 323.791
116.315 336.115
102.400 337.609
95.624 327.110
74.612 309.117
48.207 300.988
36.110 310.719
33.809 325.351
33.651 332.233
31.591 319.945
40.244 288.367
52.444 256.073
63.944 228.587
79.316 204.804
85.937 185.692
87.844 172.542
94.320 162.693
101.203 150.117
107.942 129.724
114.885 96.597
115.021 71.851
113.099 49.463
114.540 31.388
115.008 29.960
106.381 30.946
98.625 33.133
123.373 36.592
164.421 53.352
194.149 78.435
210.625 106.796
215.443 136.400
218.240 155.381
219.451 173.980
224.200 195.340
228.523 203.758
225.855 205.418
225.766 220.252
232.565 252.150
238.972 293.590
242.307 321.222
244.715 331.115
248.876 333.108
253.192 325.491
262.514 314.666
289.409 321.316
234.967 160.195
219.666 160.993
201.997 152.924
197.224 141.878
199.091 135.049
212.547 127.003
226.474 124.966
235.052 114.592
255.206 87.440
279.957 67.444
299.172 63.460
315.453 62.951
320.631 60.133
315.109 58.930
313.351 58.045
311.714 57.897
310.010 58.101
313.223 58.726
318.660 58.273
337.960 51.254
358.647 45.067
363.920 46.152
364.450 47.981
362.801 44.810
358.824 40.475
354.252 37.435
348.798 30.245
345.687 22.921
350.525 19.405
351.059 17.726
339.959 18.273
329.006 18.690
322.163 16.874
314.836 16.253
309.905 16.544
307.059 17.462
301.233 19.133
295.548 21.674
292.765 26.057
290.439 28.258
290.241 27.304
293.467 27.056
297.846 28.772
299.815 30.866
298.684 31.248
298.738 31.259
299.930 31.698
303.964 31.469
307.178 31.083
305.073 31.917
303.162 32.982
302.222 32.712
298.734 30.377
297.200 31.728
300.774 39.979
305.319 41.912
305.880 41.320
301.770 43.719
299.142 42.099
299.084 39.215
298.450 37.980
297.466 36.131
297.522 34.176
298.019 34.552
298.311 35.428
298.753 36.120
298.995 36.362
299.358 36.149
299.337 36.410
299.489 40.041
304.394 50.094
308.462 62.341
306.424 73.004
302.668 88.074
292.991 114.640
277.318 139.554
271.512 151.180
271.534 154.595
261.753 147.153
243.451 134.605
219.055 121.588
199.889 120.524
192.786 139.773
192.635 170.865
183.859 213.167
165.356 244.816
153.097 250.978
150.470 250.954
157.367 263.712
166.249 283.277
169.313 293.620
165.524 292.957
161.268 299.943
158.105 331.425
157.147 356.033
163.179 358.829
169.284 361.774
171.236 362.097
170.851 359.565
180.984 349.432
27.795 168.047
27.415 174.793
28.134 192.441
31.629 218.001
32.780 234.464
32.210 234.162
32.037 232.117
30.833 230.210
38.139 228.854
49.573 242.725
49.739 270.689
51.223 298.046
55.156 320.531
60.850 327.312
64.047 334.808
57.397 349.562
59.746 354.348
67.828 357.573
67.748 359.508
63.882 358.558
60.264 357.684
55.565 358.000
54.878 360.717
63.370 359.311
83.124 344.078
107.119 334.367
121.652 345.007
128.786 349.392
136.070 346.215
141.227 352.817
140.523 359.485
130.162 354.751
114.547 337.761
119.249 323.269
148.634 321.342
168.447 318.776
181.126 307.370
215.640 304.637
250.676 311.923
272.268 317.906
290.558 319.398
298.493 324.489
294.910 336.041
285.479 348.099
282.643 357.146
284.750 361.847
284.420 364.931
284.629 364.606
282.191 364.713
278.152 364.978
275.926 363.000
265.006 361.284
256.154 356.345
259.041 354.002
269.510 356.206
277.453 346.307
277.853 329.052
286.422 319.316
299.603 310.628
308.061 303.368
308.536 300.023
301.880 294.388
298.378 281.222
313.966 265.241
334.039 259.986
342.700 262.800
348.914 264.895
352.403 265.587
355.416 268.187
357.474 268.551
351.408 265.452
334.522 258.684
319.787 240.728
311.436 221.262
298.473 212.351
286.153 206.151
281.786 200.881
281.535 198.125
288.402 193.012
310.022 188.909
335.593 190.033
349.915 196.962
355.223 214.029
362.684 234.474
369.721 243.521
371.377 241.698
369.080 217.026
366.410 187.891
366.147 176.393
365.280 166.605
363.667 151.980
361.268 128.367
358.983 111.436
356.461 105.103
356.628 101.051
357.726 92.612
352.557 87.183
341.077 83.887
327.927 71.954
319.554 52.302
270.618 42.857
256.525 40.025
248.576 46.182
251.582 52.455
257.697 55.940
263.038 59.580
263.264 60.849
258.140 62.127
255.856 61.253
261.310 66.832
277.420 73.415
289.587 70.240
295.574 71.833
305.171 73.745
307.845 74.277
307.610 79.898
303.651 83.622
290.700 95.827
282.874 112.566
281.667 121.746
288.690 122.809
303.394 104.983
309.024 81.800
303.750 72.448
299.440 80.934
297.939 106.096
288.930 141.936
280.447 177.020
276.237 199.520
272.289 211.503
272.511 214.655
269.960 213.502
268.098 212.361
268.060 209.633
252.292 196.797
230.373 180.436
218.918 174.350
213.810 173.169
211.438 172.609
209.760 173.236
208.521 174.456
207.689 175.204
209.138 170.955
212.021 164.360
211.778 160.932
209.015 155.708
205.961 143.038
204.182 128.571
204.664 120.971
203.320 118.065
201.570 115.477
197.618 116.483
189.240 132.416
184.934 157.526
182.364 182.535
179.217 210.273
177.633 230.107
185.836 236.236
202.541 246.014
209.432 243.621
206.159 227.138
206.269 219.614
209.608 216.124
208.402 213.599
210.454 203.925
216.016 192.899
222.450 188.095
223.194 185.528
221.560 183.815
221.090 182.868
217.458 182.763
216.495 182.475
214.999 181.560
213.450 180.641
213.012 180.024
215.728 179.786
218.419 179.089
215.402 178.499
214.956 178.982
216.942 178.916
214.380 177.668
220.357 172.145
247.218 174.559
272.900 185.529
287.750 197.682
305.494 216.536
319.094 225.958
322.251 228.165
323.103 232.882
323.201 232.816
315.569 219.800
299.809 208.191
288.501 199.800
284.758 187.018
279.643 183.873
277.921 184.277
278.364 183.249
275.492 181.278
266.534 177.630
248.473 177.647
223.834 361.221
229.277 360.654
242.171 357.543
254.191 353.199
254.880 352.009
251.365 349.300
239.057 335.543
231.840 322.194
229.642 322.603
227.672 318.161
230.906 291.482
243.831 253.793
253.127 229.331
251.847 223.525
242.004 206.253
218.800 172.372
199.145 145.413
190.117 130.901
185.026 125.940
185.966 120.966
196.322 110.070
203.860 89.373
203.414 75.961
200.132 77.333
200.991 68.710
201.211 45.984
202.030 28.011
204.412 23.123
201.950 23.099
200.311 23.074
196.730 23.894
181.761 24.716
166.563 24.456
154.402 28.637
140.191 32.596
134.524 36.204
128.748 45.344
100.755 51.486
65.051 45.484
45.402 36.633
33.952 30.389
27.291 27.358
29.853 40.047
44.673 60.261
54.453 82.463
45.256 107.909
32.067 122.993
30.987 126.779
43.547 124.105
44.900 124.782
49.034 138.068
68.052 174.893
67.727 221.868
53.728 258.569
40.930 282.404
33.103 291.286
32.428 293.123
32.304 290.160
31.510 285.514
30.510 282.351
30.226 282.593
36.757 295.155
46.905 314.777
56.001 323.644
62.894 325.569
70.553 323.709
85.607 313.091
96.908 307.359
99.413 308.889
98.760 306.697
98.512 304.245
99.986 303.412
100.743 303.264
101.730 302.289
103.942 303.448
98.935 309.800
90.782 314.880
84.071 310.676
73.760 297.868
65.477 293.264
64.097 296.381
63.028 293.612
61.602 291.061
58.971 288.049
52.222 284.221
52.714 292.301
60.422 294.586
71.699 265.977
89.520 229.107
107.571 199.533
115.470 176.293
124.326 165.435
141.277 153.802
156.887 137.100
162.457 119.847
173.937 98.218
195.527 94.722
215.608 110.546
239.873 130.083
258.225 141.949
351.504 16.229
345.600 16.471
346.525 16.541
349.752 16.424
353.941 15.926
353.320 16.913
350.609 18.659
346.181 19.063
333.310 21.065
323.944 20.021
320.649 19.553
307.382 27.591
293.825 39.584
269.786 44.976
239.765 33.570
226.785 23.125
223.153 22.123
220.472 22.694
216.771 25.824
222.172 35.324
234.476 51.548
236.526 71.659
231.608 98.183
219.938 120.607
190.674 132.719
164.417 145.567
153.035 160.386
149.869 172.113
148.052 175.911
144.629 176.840
139.530 188.107
121.320 214.033
88.403 251.407
54.579 279.191
35.423 291.646
31.141 299.887
37.398 308.692
42.828 324.101
36.784 328.034
30.412 301.164
36.062 257.603
38.255 227.582
30.650 215.637
28.804 212.538
29.988 215.011
27.668 207.440
29.634 194.618
33.402 189.849
30.019 186.928
27.249 176.760
32.878 163.833
39.266 158.127
39.425 158.697
37.946 160.143
33.139 152.794
28.618 135.922
26.085 121.030
27.200 107.357
32.302 96.875
36.129 96.297
37.966 96.427
40.502 91.763
38.395 82.118
35.283 76.416
32.109 67.285
27.085 48.775
24.381 37.525
23.755 36.132
27.308 39.661
30.398 38.721
33.807 31.961
35.115 27.842
46.280 30.511
69.774 32.073
83.412 27.723
93.145 29.062
107.921 44.182
118.629 73.028
122.522 110.674
126.427 145.102
129.322 164.017
129.905 170.735
131.418 174.815
131.921 177.062
132.111 172.935
137.976 165.174
153.374 159.419
181.385 161.458
205.526 166.191
213.644 168.458
211.917 171.249
199.181 181.250
174.434 200.838
159.194 226.214
164.059 261.997
173.918 302.568
179.099 323.944
186.029 323.973
200.091 339.186
206.224 358.496
224.670 239.462
229.318 212.360
234.036 175.481
235.040 150.030
235.580 139.561
233.329 132.939
236.029 135.108
236.816 136.291
215.865 136.471
182.752 134.715
153.988 112.081
134.112 88.676
125.835 82.635
125.349 80.373
129.073 75.821
133.799 74.367
135.547 74.252
135.878 78.069
139.477 87.553
140.095 95.403
140.638 88.329
137.868 74.467
121.369 63.177
110.106 47.805
105.901 35.419
99.525 29.928
88.060 31.689
72.345 35.175
55.791 40.331
36.592 45.600
25.761 54.911
26.591 70.365
28.115 80.014
27.932 87.923
30.284 95.398
35.102 98.203
38.079 101.697
39.541 101.796
44.540 96.443
47.124 112.635
45.807 151.171
42.746 176.275
39.705 185.551
44.664 213.066
53.998 244.200
65.238 251.361
75.578 256.508
81.593 264.083
83.607 258.750
82.722 242.636
92.716 231.933
108.320 224.327
120.173 205.471
137.837 180.872
152.338 155.536
164.344 132.854
166.968 125.764
154.119 129.715
154.299 127.220
177.971 128.997
199.344 149.002
205.336 157.894
220.356 145.232
258.508 138.835
305.864 145.586
336.010 159.867
349.319 172.957
362.067 181.208
370.440 186.555
373.006 193.787
371.504 206.158
365.746 208.767
366.211 206.049
370.302 206.358
368.233 208.569
361.103 209.153
353.644 203.697
351.332 208.784
353.281 218.665
350.711 224.379
336.225 246.991
322.217 282.342
319.482 315.879
323.734 343.608
330.643 359.224
338.695 363.681
349.084 361.559
357.213 363.023
363.762 363.054
368.682 353.864
369.071 348.275
366.358 343.122
362.285 332.223
364.390 327.403
365.406 327.090
360.047 325.098
350.406 323.752
330.677 321.613
303.024 313.688
285.638 298.446
201.967 156.916
207.831 143.112
239.359 135.283
273.175 151.972
282.585 163.610
280.709 171.208
277.645 181.096
274.341 188.773
273.609 193.501
278.241 192.107
278.662 206.671
267.038 240.226
255.062 261.024
248.509 267.518
250.371 275.828
267.045 295.547
285.804 320.446
298.572 340.799
315.932 354.304
331.707 360.692
335.849 363.573
334.584 362.433
335.469 357.004
336.156 354.437
343.094 353.505
352.027 350.734
349.303 341.914
337.905 326.108
335.771 309.940
349.504 303.096
361.655 306.039
364.993 306.734
357.251 305.930
340.552 303.707
327.051 292.340
323.938 262.061
330.618 230.350
346.417 218.791
359.497 216.033
366.129 213.057
366.555 211.972
362.769 205.931
361.507 192.846
360.152 183.035
357.712 182.545
357.593 184.492
355.649 186.127
353.644 170.621
356.015 144.923
358.172 128.217
359.742 99.853
355.496 64.157
352.642 40.263
356.086 29.677
356.505 23.590
354.836 18.579
354.852 16.953
348.959 18.818
341.446 20.724
337.540 19.019
331.804 17.468
329.185 17.652
326.147 21.961
312.284 32.627
295.371 38.413
286.743 36.034
283.406 36.729
280.500 37.618
280.182 37.023
280.421 36.435
282.495 41.059
286.737 54.239
289.421 66.518
288.067 70.749
284.734 79.292
279.462 91.160
275.186 97.638
273.870 103.220
273.599 111.106
282.699 127.205
294.498 152.224
296.250 172.656
292.826 180.011
290.318 183.157
284.446 180.480
274.013 160.983
263.774 138.505
251.830 118.671
247.612 105.219
243.530 104.440
221.772 84.207
200.725 54.698
196.025 36.225
198.410 25.702
193.734 27.116
176.475 31.381
160.687 30.360
148.335 30.714
133.532 34.244
124.527 38.223
280.346 273.883
293.803 237.134
315.463 216.362
328.068 204.358
338.915 198.547
349.173 191.542
351.760 186.075
351.855 186.465
345.066 187.637
320.407 195.515
295.180 207.006
282.435 204.860
268.004 178.312
246.634 143.078
237.019 121.316
239.836 113.628
240.869 108.250
240.295 106.023
237.321 111.424
233.076 119.040
225.388 122.752
221.344 125.085
217.732 127.665
213.117 125.557
211.313 124.041
205.734 129.104
201.535 134.295
201.869 137.574
206.248 129.450
227.474 110.182
254.080 96.294
273.504 81.057
284.264 65.667
287.276 54.798
297.759 42.149
308.999 29.434
313.405 22.887
314.590 19.921
314.205 18.053
319.920 18.781
333.943 20.556
335.646 19.059
328.292 15.617
329.492 17.520
331.146 25.931
314.544 30.528
288.195 23.967
278.449 19.224
272.136 24.457
261.238 29.780
260.984 46.904
267.087 71.996
263.250 95.667
242.312 111.630
220.153 113.421
211.002 115.946
209.031 121.929
203.834 116.372
184.681 103.602
157.853 98.681
137.164 90.563
135.059 88.015
153.072 104.456
168.067 124.782
172.724 136.587
178.783 148.602
195.717 167.909
219.003 193.636
231.982 214.888
241.862 227.486
249.449 250.470
248.769 272.439
248.301 276.557
251.077 277.684
260.681 280.668
276.378 293.816
291.748 316.662
306.890 341.301
323.424 358.000
336.230 362.218
340.496 361.991
339.377 353.505
336.704 339.523
337.619 328.437
345.949 320.717
351.569 314.608
354.818 314.310
356.128 317.796
355.425 317.711
357.986 317.759
358.224 318.243
356.786 315.997
356.654 313.934
353.641 313.963
344.818 313.587
342.131 308.366
346.990 302.125
349.712 298.442
356.442 294.903
360.883 291.696
109.290 273.871
93.178 261.965
84.611 262.413
76.709 260.441
70.475 265.900
66.798 276.933
65.353 280.865
64.744 277.961
77.102 257.603
102.599 230.650
109.767 223.453
103.391 223.264
102.345 218.411
98.764 219.153
102.422 225.923
122.821 225.601
153.403 225.957
179.207 225.121
192.293 233.827
197.945 251.657
196.562 256.785
191.160 253.655
185.825 243.094
191.363 237.524
205.054 227.076
217.773 199.923
237.669 169.507
252.008 143.040
259.603 127.427
276.715 134.588
292.629 151.796
301.149 154.250
306.677 153.996
309.864 157.235
309.442 152.537
320.452 159.695
342.864 177.813
357.824 185.208
365.446 190.516
369.029 195.262
370.274 191.748
371.134 186.464
375.200 191.710
373.164 213.403
366.852 233.285
364.027 242.704
360.440 241.680
354.603 238.600
343.565 252.710
334.032 277.837
326.723 299.468
322.049 317.022
321.642 332.048
319.024 336.540
313.972 337.842
311.220 346.589
308.113 348.690
302.244 341.925
299.426 338.572
299.557 335.241
290.897 336.160
279.696 349.880
276.885 359.053
274.037 351.314
266.485 340.454
261.486 330.284
264.477 317.645
265.132 309.821
260.607 308.869
257.542 308.827
255.819 308.276
254.418 308.809
251.257 311.351
248.184 313.574
250.473 310.876
252.553 308.270
251.370 308.300
250.545 306.474
251.178 291.171
254.748 264.360
261.053 248.830
263.714 243.324
266.957 240.352
274.175 241.146
275.878 240.716
274.122 239.504
273.427 239.395
271.545 238.779
271.251 237.797
272.693 233.645
273.725 217.881
266.931 199.863
249.788 190.373
237.265 181.362
234.807 173.063
231.287 170.539
229.700 166.638
235.575 161.492
238.577 161.997
238.574 162.670
287.058 315.119
284.106 316.332
281.371 316.700
279.723 315.581
273.768 309.990
268.784 303.280
269.840 299.955
273.305 301.594
275.685 307.645
272.954 309.256
269.313 306.212
268.237 303.504
268.902 302.170
270.362 302.673
273.164 303.636
276.222 304.970
275.362 306.904
272.758 307.473
272.920 309.396
272.097 311.259
271.243 308.126
270.417 304.504
270.045 303.093
270.977 302.667
271.446 303.081
271.856 303.234
272.035 302.895
272.156 302.092
271.031 301.435
271.442 301.240
272.113 300.814
271.075 300.823
271.793 301.205
270.974 302.202
269.394 302.183
270.140 299.088
270.015 295.681
270.180 293.229
270.162 290.787
270.538 289.407
269.490 288.910
268.903 287.255
272.321 284.173
273.948 282.300
270.266 283.920
266.454 286.627
267.470 286.829
269.001 286.638
270.353 285.548
273.559 285.944
272.061 287.082
266.171 286.398
260.346 289.281
253.923 294.980
245.434 303.084
238.542 311.736
236.286 318.658
237.474 324.904
239.262 323.058
241.411 310.335
244.074 298.526
248.904 290.407
255.876 286.035
259.256 288.005
259.944 289.515
262.515 294.078
268.091 305.479
272.028 314.593
272.414 318.447
271.069 318.370
269.800 316.632
269.524 315.667
273.955 312.163
281.955 313.116
281.106 323.554
270.897 330.388
263.716 331.293
260.241 328.948
259.186 326.144
259.913 324.959
258.809 323.115
254.927 324.663
233.779 321.242
206.790 308.956
191.211 298.544
182.225 288.806
170.244 287.185
158.786 293.454
156.847 294.891
156.768 294.848
156.839 295.998
157.431 297.681
156.951 296.390
155.429 293.422
146.082 290.884
112.120 292.230
81.142 303.850
74.940 310.660
73.057 298.863
72.903 277.100
215.668 184.414
217.963 201.035
222.351 197.712
233.781 180.563
250.735 170.940
272.343 173.896
272.271 166.329
255.237 161.861
252.719 164.648
261.069 148.014
267.056 106.798
261.650 75.348
244.491 65.700
229.371 59.328
225.272 46.321
220.684 44.199
213.936 66.185
210.664 91.152
208.659 114.678
214.100 141.541
225.727 158.105
235.718 164.154
242.735 169.268
245.451 184.034
249.034 224.592
256.536 270.899
259.850 295.614
256.564 302.990
248.774 302.272
233.683 304.451
216.804 325.758
203.968 352.171
199.524 362.278
191.089 355.325
166.863 351.246
150.788 358.730
142.807 356.836
120.975 346.220
98.022 339.487
78.122 328.043
56.176 322.114
43.072 329.208
51.325 319.794
71.016 290.530
82.635 259.429
104.494 230.968
132.577 200.136
144.887 169.869
152.609 155.690
157.628 152.988
161.021 152.064
160.102 152.544
156.661 152.327
158.348 151.963
157.495 151.881
155.063 151.886
154.011 151.496
153.495 150.921
153.315 150.706
157.705 151.137
165.442 147.274
169.041 142.306
173.295 142.986
177.789 140.590
179.985 136.761
179.682 137.196
178.547 137.359
176.938 137.331
175.930 136.802
176.287 135.720
176.589 127.493
178.736 104.858
165.633 87.999
142.518 87.121
138.985 85.527
172.373 84.953
218.713 91.523
239.803 87.212
244.519 87.165
261.471 118.966
283.425 148.157
293.706 169.078
305.824 203.543
316.939 243.796
305.671 276.817
280.236 292.304
266.016 292.406
265.162 290.820
276.104 305.896
287.768 334.596
293.808 356.535
298.933 363.929
301.211 364.293
319.496 362.561
343.412 361.981
353.282 361.603
360.995 349.177
367.718 331.179
361.396 320.581
348.932 316.072
203.869 353.487
189.624 350.346
182.778 349.501
179.660 350.508
180.259 344.742
187.899 323.120
195.033 301.604
197.380 294.032
197.990 292.381
197.779 291.438
197.259 291.477
194.798 292.662
192.883 293.618
192.377 293.683
190.531 292.964
183.386 292.413
171.190 277.191
150.423 242.039
130.336 214.393
130.816 206.385
140.720 204.445
146.737 209.478
148.601 216.751
148.147 218.308
149.299 218.454
148.971 217.466
147.423 217.759
147.613 217.070
147.156 216.239
145.877 216.540
144.858 216.961
141.944 216.763
145.997 202.481
160.345 190.904
160.762 190.096
150.031 184.791
146.250 182.865
136.676 169.989
124.492 145.895
118.682 130.033
114.160 122.321
113.269 118.545
112.005 110.591
106.644 102.361
114.691 103.926
144.372 113.717
168.830 121.517
168.013 120.659
164.779 122.533
167.952 128.658
169.065 149.605
166.938 178.172
160.830 189.194
168.923 182.116
188.120 167.892
199.515 152.757
186.789 140.739
165.940 137.118
164.005 133.902
169.779 129.868
170.495 129.355
168.591 130.101
169.097 134.175
183.824 141.868
216.045 136.147
241.692 139.283
252.083 159.065
256.399 179.649
257.351 205.035
256.722 226.277
258.330 236.879
257.562 237.334
260.604 244.539
279.253 256.636
310.522 255.940
340.869 257.377
351.684 266.232
351.707 270.667
353.137 270.173
348.482 251.672
350.346 230.113
363.412 228.291
366.991 225.546
357.959 206.466
357.446 184.255
362.169 171.215
359.321 164.548
358.355 159.783
361.953 159.072
363.295 160.257
360.900 160.621
351.990 166.323
337.310 176.868
328.843 184.420
315.484 170.874
294.059 141.271
275.550 125.156
259.534 123.283
252.095 135.185
251.349 160.059
79.464 215.795
107.327 243.788
109.211 266.166
96.727 295.037
85.029 327.431
100.848 331.716
120.539 324.608
114.525 314.780
125.129 300.537
156.812 289.854
179.194 272.621
199.220 261.648
220.677 268.901
219.378 273.038
198.318 260.512
201.452 230.476
217.019 198.349
201.027 184.085
169.262 160.381
157.921 123.420
161.492 99.062
161.837 91.756
163.816 97.138
174.362 103.372
194.290 93.061
221.446 69.153
255.530 69.666
284.661 82.435
301.545 87.813
314.761 97.293
326.677 102.753
333.690 102.676
343.010 99.816
357.384 100.241
363.954 105.519
356.966 113.829
347.235 137.518
352.425 169.613
358.791 184.267
354.865 189.025
351.794 205.942
349.061 236.861
348.530 270.569
350.471 300.923
350.005 320.024
340.480 318.175
317.882 318.200
300.008 338.150
292.785 354.205
289.513 346.129
290.340 330.187
294.221 318.609
298.702 293.935
299.198 258.588
297.873 223.333
293.867 193.971
289.018 178.947
284.365 178.290
281.240 188.880
279.736 197.377
277.840 203.333
272.745 222.977
262.476 244.046
239.258 255.890
209.752 248.258
179.734 223.217
145.378 219.548
118.759 236.086
101.963 247.916
95.371 259.045
81.998 280.659
59.300 295.642
50.155 300.413
50.958 312.104
51.192 332.543
44.195 347.020
35.743 348.211
38.178 351.137
44.684 351.925
39.885 325.473
45.595 281.666
64.419 255.814
82.904 239.455
108.664 212.730
130.895 176.862
158.734 151.830
198.992 149.459
224.264 148.373
225.866 139.132
223.253 134.793
222.162 135.624
225.206 145.472
231.395 169.214
230.848 186.768
224.404 187.938
218.055 192.448
233.617 198.946
275.126 200.893
306.610 208.454
309.970 210.788
232.176 345.868
236.444 332.318
236.170 323.344
237.069 316.372
234.718 312.929
231.223 312.585
232.047 316.030
229.932 319.943
226.366 319.988
229.550 317.921
230.011 317.929
229.564 318.071
229.766 318.195
229.296 318.493
233.680 316.198
240.825 319.753
246.269 326.342
242.503 324.306
236.451 318.575
236.472 315.966
235.445 317.389
235.684 320.283
242.303 322.637
244.716 323.712
241.480 323.081
240.001 323.203
240.663 323.196
240.837 323.009
238.911 323.725
238.650 323.692
241.457 321.707
239.658 313.444
230.614 309.675
224.718 305.236
228.345 287.957
230.614 275.535
226.129 269.315
226.512 263.114
231.119 257.895
228.136 254.009
225.096 251.208
227.288 249.584
226.586 249.643
225.644 249.557
223.710 240.700
212.632 232.059
205.973 228.550
210.766 223.393
212.447 224.907
215.537 227.792
224.472 231.197
229.405 235.060
229.927 235.106
228.366 230.225
227.921 217.731
228.888 204.226
228.524 198.354
223.686 188.415
217.065 169.837
210.671 162.684
205.547 161.350
204.224 155.166
200.697 146.284
198.740 135.800
200.224 129.704
199.418 129.763
196.669 131.172
197.350 131.163
196.632 134.149
193.329 139.244
191.456 142.127
188.525 145.140
182.962 152.828
181.619 169.478
184.752 180.053
190.522 185.111
204.302 195.520
207.636 210.912
186.936 233.707
164.666 258.192
153.933 283.034
155.150 306.713
165.459 324.389
171.289 335.058
176.328 342.888
180.276 346.491
178.659 346.816
175.556 348.525
173.856 349.269
174.429 342.304
171.708 333.289
164.708 331.311
161.890 331.456
158.185 332.335
152.626 334.230
151.277 333.797
151.023 330.294
148.484 324.271
140.226 315.238
128.037 298.054
88.232 296.573
100.418 282.365
105.629 272.675
107.940 265.603
118.931 249.712
142.509 215.600
165.727 176.958
179.017 150.794
186.094 144.815
185.344 142.475
180.283 135.729
181.093 130.478
187.327 127.585
194.903 132.955
200.186 139.355
205.776 145.815
208.903 158.571
199.877 156.799
178.283 149.962
163.217 157.557
161.378 162.983
164.130 160.992
172.132 151.890
177.831 143.644
185.137 140.900
218.567 137.066
256.359 127.195
264.416 108.025
268.067 85.413
282.140 64.788
291.874 50.202
293.288 41.459
292.095 38.538
285.056 43.539
270.829 45.895
256.890 50.833
249.602 64.535
250.268 79.123
247.009 96.245
228.463 110.616
214.123 108.932
210.787 103.878
207.858 107.103
207.553 110.012
206.515 109.101
204.802 100.885
207.413 83.031
210.090 64.081
207.643 49.569
196.693 36.790
177.439 29.134
168.039 28.316
182.685 28.205
222.550 34.796
262.285 52.442
292.226 66.957
325.682 77.746
346.816 87.800
356.180 85.526
356.204 66.265
344.311 52.481
344.944 50.412
358.118 48.367
363.844 41.619
360.929 29.402
357.809 23.186
355.819 21.022
356.341 20.731
354.907 25.715
351.161 30.380
349.240 31.163
348.094 38.046
350.592 57.870
354.198 88.231
355.797 109.072
355.902 115.210
356.840 117.909
359.249 117.580
357.728 125.381
352.242 133.994
342.842 131.493
334.239 128.775
333.813 130.680
333.684 131.982
332.059 130.919
331.404 128.401
329.534 126.504
327.471 124.940
329.488 123.347
331.254 121.047
330.274 117.567
328.901 115.916
325.820 116.095
324.042 115.698
325.426 113.580
325.992 112.884
324.306 114.281
326.734 113.348
329.875 112.694
329.425 109.963
139.820 206.636
141.008 209.826
142.586 213.486
142.574 213.611
141.765 212.839
140.387 212.445
141.724 205.773
146.358 188.958
158.928 177.644
165.134 175.173
160.447 172.432
156.212 170.754
153.624 170.279
153.002 169.290
153.460 168.912
155.115 169.199
154.817 168.477
157.594 165.945
175.557 165.763
199.095 180.372
213.752 198.256
219.078 205.169
219.349 209.181
223.186 210.911
227.083 205.698
229.281 203.569
232.081 205.069
236.717 198.144
238.016 188.291
226.897 191.150
215.001 203.476
224.340 199.620
242.113 170.052
250.280 141.935
262.013 120.389
283.569 87.538
309.800 66.949
334.536 73.200
352.077 88.901
358.607 107.062
360.146 122.034
363.976 128.825
364.351 134.295
362.399 138.484
366.561 135.843
366.765 136.276
360.977 140.662
359.533 140.727
362.850 137.803
364.503 135.965
366.469 137.882
370.112 143.023
369.054 147.807
368.720 147.543
367.393 143.788
366.229 140.359
366.746 140.865
363.335 141.371
357.376 142.311
351.752 145.780
351.871 149.176
354.860 153.906
354.750 157.249
353.203 158.713
353.471 165.157
356.647 174.212
356.873 183.545
355.433 189.341
357.296 189.971
359.894 190.160
360.101 194.388
359.892 201.634
361.503 210.306
363.623 217.537
364.277 219.262
360.445 217.901
359.520 227.746
360.853 247.344
359.025 249.140
351.674 242.355
333.049 247.436
317.724 264.994
311.969 292.350
303.930 324.393
298.070 349.806
294.130 361.627
287.664 365.339
280.543 365.313
271.268 362.704
264.369 360.662
261.771 359.986
260.759 360.776
254.208 360.738
237.442 358.645
227.512 358.174
228.410 355.741
224.757 345.095
214.851 338.590
215.179 335.557
221.248 330.705
227.982 181.000
215.073 185.451
205.978 189.122
194.178 172.891
189.354 155.871
185.462 146.825
176.028 135.260
176.193 132.922
200.907 129.747
241.781 139.205
276.177 159.369
301.834 165.988
329.069 164.230
356.382 163.418
365.765 158.312
360.202 144.971
358.033 135.424
358.546 134.607
355.026 134.245
354.230 140.100
360.969 166.786
361.439 197.429
359.131 204.049
361.621 196.761
355.591 206.929
354.930 225.992
366.897 226.117
373.170 218.398
373.411 215.829
373.336 217.802
372.918 220.436
370.793 204.174
366.544 177.428
360.944 162.118
350.027 154.916
337.951 159.363
335.659 171.126
335.848 175.134
333.694 174.610
333.146 175.033
339.394 177.176
352.818 181.710
354.294 178.190
332.399 157.500
308.826 141.094
294.812 136.431
275.719 126.237
259.252 114.885
257.915 113.800
262.221 122.697
260.411 141.376
257.330 164.460
254.401 181.568
237.419 198.314
209.397 214.531
184.400 218.591
160.187 206.095
126.667 186.707
88.989 162.206
67.556 131.509
67.132 110.324
74.455 108.127
70.128 128.256
57.920 155.267
51.313 171.449
46.973 183.015
43.379 197.771
37.465 213.135
37.930 226.473
45.308 238.332
47.228 239.861
45.099 249.280
43.165 286.790
48.303 311.579
54.493 305.758
52.866 296.580
60.388 288.853
76.106 282.779
90.593 275.711
101.029 268.295
110.315 268.103
113.356 263.107
109.337 253.714
110.504 252.572
111.617 254.356
110.425 253.499
110.535 252.314
109.907 251.400
107.657 250.369
107.275 249.859
108.209 249.620
107.807 249.605
106.407 249.669
108.704 250.182
117.314 245.037
128.153 232.827
132.731 222.252
138.322 219.789
147.536 218.863
145.891 211.428
243.916 184.437
228.941 197.246
219.161 199.471
217.745 198.367
219.527 183.976
224.232 155.909
236.309 127.774
255.237 101.353
277.150 75.601
287.148 58.217
286.862 54.476
285.063 56.163
278.808 59.377
284.045 49.883
294.331 28.607
294.822 20.302
290.035 22.525
277.099 41.862
265.171 71.594
250.467 90.945
221.917 97.383
191.924 97.634
171.093 104.492
150.098 122.187
112.406 145.644
81.139 159.774
73.288 164.481
70.417 166.971
67.733 165.612
69.098 164.155
73.034 164.505
77.120 165.181
79.477 165.805
83.604 172.533
82.890 173.893
77.126 167.444
74.815 166.363
74.315 166.255
75.448 165.978
76.883 165.050
77.799 165.524
77.712 166.224
78.094 165.622
80.541 166.224
82.257 167.038
82.577 168.305
82.932 169.145
82.475 168.540
82.496 166.474
94.776 165.335
113.159 167.034
130.038 180.038
144.123 204.730
149.622 220.400
154.215 225.875
158.857 229.373
159.568 228.883
154.379 230.839
134.951 246.118
111.112 271.202
89.808 299.926
67.660 319.058
58.307 320.453
59.359 320.594
51.974 326.481
38.346 331.368
32.835 333.033
38.355 341.650
44.425 353.121
45.428 358.510
47.191 360.822
65.164 355.886
90.434 354.298
100.701 360.437
108.984 360.848
122.105 354.630
124.865 353.863
116.223 351.964
117.400 344.598
109.526 337.176
95.510 316.981
105.986 292.403
118.413 281.378
126.778 275.918
139.235 264.159
146.573 250.579
150.108 246.683
151.420 247.102
151.363 244.870
150.585 244.716
149.305 245.148
149.057 244.206
148.582 243.164
147.062 242.197
148.503 243.928
153.067 251.814
153.937 255.583
151.632 252.497
149.968 251.923
150.011 252.984
238.836 160.888
238.310 160.112
237.113 160.397
236.604 160.470
236.782 160.011
236.294 159.767
235.665 159.113
234.727 158.802
234.161 158.989
236.230 161.361
242.485 166.260
246.239 169.045
244.168 169.243
242.695 168.767
242.616 169.265
243.075 169.626
246.640 169.012
246.584 167.470
233.286 166.086
217.391 173.848
213.088 187.470
218.275 200.294
216.009 206.180
194.505 202.204
165.775 202.420
148.166 204.609
135.984 185.853
108.156 154.058
77.253 124.710
62.043 109.636
49.787 109.774
39.618 105.906
35.934 97.904
30.223 95.724
24.882 96.406
22.397 88.987
22.582 80.910
24.737 78.259
22.258 67.778
22.323 54.760
37.109 56.933
61.240 64.452
91.903 67.615
122.072 65.283
141.642 56.445
148.577 54.298
152.813 65.104
161.428 73.916
164.199 75.542
162.684 75.123
162.351 74.357
162.201 73.742
162.760 72.766
167.430 73.427
169.785 69.926
158.898 60.697
157.213 63.400
166.381 85.989
176.091 105.618
183.157 109.954
178.878 114.680
178.527 124.041
177.969 123.627
176.236 117.108
180.878 115.260
185.522 114.545
187.446 117.912
193.552 124.296
222.023 142.734
250.686 163.813
254.160 164.874
249.744 164.200
248.698 173.706
259.963 178.545
295.037 180.896
334.156 186.500
354.851 192.127
361.888 196.056
361.347 196.008
358.866 191.419
358.593 186.204
362.203 180.560
364.555 171.869
363.974 164.742
365.821 163.408
369.722 172.848
371.272 195.299
368.652 218.717
369.417 227.501
370.953 228.071
369.103 228.769
367.623 230.580
363.698 229.327
354.855 232.625
349.215 242.639
352.119 250.625
357.484 262.403
365.070 274.224
366.393 285.485
362.194 296.924
148.954 251.431
147.764 248.977
145.553 247.951
143.309 247.883
145.701 248.137
150.714 241.961
158.310 226.461
171.145 220.520
181.182 221.950
179.436 212.563
178.049 203.668
180.346 204.367
181.273 206.480
181.132 205.785
181.274 205.482
182.912 205.806
183.330 205.015
189.142 200.208
194.656 190.591
193.194 182.602
197.650 177.949
217.032 163.716
245.039 163.818
269.572 186.217
284.501 205.281
293.736 222.447
301.265 234.222
315.223 232.087
339.098 229.029
340.429 223.305
310.010 211.282
284.012 209.183
276.817 208.482
276.341 195.461
267.952 175.248
256.261 150.153
251.532 139.838
248.180 155.980
245.290 174.002
241.838 183.625
232.702 183.914
214.595 175.322
189.618 155.668
171.465 136.687
167.532 135.939
169.647 143.992
175.033 142.433
185.058 135.738
193.513 131.133
201.591 126.225
206.729 118.359
210.345 111.327
214.416 109.866
212.524 109.781
211.519 110.388
210.615 111.540
208.707 111.809
209.423 109.336
210.058 99.952
216.297 87.073
229.255 84.558
236.326 87.848
241.120 80.226
263.741 68.604
292.757 76.664
307.037 98.936
316.985 110.278
326.802 100.393
331.854 91.134
335.533 95.211
334.307 103.566
336.194 124.879
342.241 130.120
344.917 121.562
344.844 129.623
338.954 152.482
336.798 179.383
336.037 197.263
331.659 204.817
332.486 210.093
347.456 218.105
364.509 223.230
370.400 229.249
368.202 237.063
363.376 246.981
360.255 253.190
350.277 250.864
331.602 259.008
313.292 282.333
295.841 306.549
281.673 333.741
279.258 354.677
277.723 363.338
269.011 366.975
261.084 366.760
257.295 364.059
250.815 360.300
241.974 358.799
231.617 358.347
225.868 356.346
91.222 233.932
91.785 233.602
95.721 232.518
106.311 220.323
121.589 192.611
148.482 186.165
169.656 199.486
169.642 201.993
170.361 205.626
190.497 209.499
216.094 205.077
228.254 189.334
245.185 165.363
263.973 155.255
271.942 151.525
273.235 143.304
270.554 139.274
259.072 139.732
240.004 139.010
231.586 131.889
229.396 126.963
229.096 132.454
239.802 132.225
239.344 110.109
221.250 77.082
202.251 53.446
185.536 42.359
175.451 37.445
169.023 33.621
166.737 27.000
164.847 23.629
158.796 28.072
147.719 32.662
131.688 29.935
119.193 28.490
107.962 33.115
98.036 39.553
103.382 42.109
126.717 37.929
160.594 36.321
189.301 40.075
193.019 44.357
182.852 47.672
186.697 51.828
193.282 56.489
185.233 55.320
187.453 47.894
208.603 49.650
228.469 70.634
236.464 97.904
240.515 131.278
247.304 160.583
254.205 168.860
260.770 173.280
259.892 191.723
248.668 207.490
240.967 211.761
243.537 216.883
249.431 216.490
267.266 202.301
294.686 198.073
320.357 215.280
336.926 234.102
343.260 241.596
347.142 243.826
353.077 250.607
363.523 252.447
370.233 237.568
369.639 216.800
362.298 220.292
347.991 250.281
328.029 274.432
303.512 291.837
287.547 316.772
286.573 341.047
291.429 358.068
295.166 364.368
304.245 365.138
322.862 363.835
333.809 359.957
336.412 356.791
337.377 353.442
334.831 348.831
324.683 352.066
296.417 361.697
264.452 364.162
250.317 362.459
254.077 362.199
258.735 357.705
245.374 355.411
228.303 357.921
223.249 358.070
223.328 358.953
225.069 362.627
228.745 357.875
226.476 346.372
214.980 336.727
197.569 327.206
180.672 327.277
174.813 332.410
328.506 50.027
338.634 45.619
356.068 41.129
364.322 39.703
362.977 28.986
359.805 20.899
358.106 18.905
358.690 16.606
358.493 16.743
357.425 20.393
361.241 47.384
361.532 87.879
356.579 113.315
359.065 129.070
363.523 135.236
366.133 138.453
367.725 144.909
366.380 148.458
364.010 153.544
361.603 178.189
362.057 207.280
363.573 214.328
361.744 212.587
359.389 211.142
356.320 216.284
355.048 239.918
348.523 268.255
332.086 284.794
317.977 293.609
310.536 295.296
307.556 304.860
304.564 329.754
300.204 352.519
295.312 363.363
289.956 362.739
283.648 359.140
271.384 359.125
256.579 357.998
251.783 354.438
253.633 353.340
249.582 354.978
233.205 357.683
221.992 351.911
213.328 336.457
184.162 334.120
156.744 334.575
142.758 330.614
132.972 334.708
128.581 336.492
127.974 334.841
130.261 333.644
134.284 326.002
137.331 309.470
142.039 290.902
145.845 281.206
144.752 281.179
142.887 281.979
142.308 282.061
144.014 280.276
144.282 268.526
139.122 238.433
136.228 205.137
139.343 188.046
138.286 186.070
137.730 185.883
139.811 184.459
135.298 187.824
136.277 180.188
138.637 149.041
132.463 107.524
116.790 79.639
96.104 63.403
82.829 49.169
77.761 48.444
83.273 75.744
100.443 109.984
123.150 125.755
142.244 130.118
159.885 130.778
178.104 138.256
199.780 159.031
217.347 179.155
216.663 203.164
211.138 239.543
210.257 267.875
208.917 295.761
209.095 333.972
212.913 359.384
217.116 361.954
227.177 360.957
240.009 362.179
251.238 361.177
267.722 358.212
280.464 356.025
290.017 351.491
311.135 348.121
335.848 351.148
352.757 356.295
362.095 358.449
367.103 354.754
181.087 324.607
189.536 303.117
192.405 282.962
193.745 284.073
190.719 288.223
183.377 287.189
176.957 297.443
175.317 312.465
175.297 321.193
177.063 320.023
168.728 311.352
139.214 300.366
112.885 301.583
104.418 315.965
102.689 327.597
101.035 326.250
92.102 311.525
64.082 304.661
40.700 318.754
34.624 329.876
33.553 328.553
31.807 317.329
26.904 292.431
26.882 263.522
27.488 248.888
23.903 246.523
26.020 241.399
29.027 237.239
29.930 241.493
34.293 243.306
42.292 238.825
53.377 237.691
61.581 238.421
62.007 231.123
62.175 223.412
71.657 223.573
79.646 222.799
73.282 219.395
68.030 219.282
69.232 220.316
67.817 219.363
67.535 218.453
76.512 213.532
105.404 218.287
138.146 237.619
158.883 248.834
167.356 248.955
166.532 246.387
162.309 243.274
150.410 231.658
147.125 219.262
154.980 218.437
155.855 217.114
159.009 206.885
177.485 202.663
190.300 207.716
180.521 204.788
161.541 199.761
148.833 190.697
144.294 161.031
130.999 121.143
121.794 92.038
125.029 76.932
123.108 72.751
119.394 77.201
123.546 83.168
139.821 76.959
153.186 51.872
158.293 31.124
157.862 27.754
166.126 38.500
186.142 69.491
203.504 102.701
211.310 123.180
212.785 135.824
212.895 133.754
206.634 142.488
206.221 178.287
210.853 218.595
223.939 257.058
243.613 301.893
243.563 343.072
228.440 361.116
219.313 364.577
214.801 365.241
207.904 366.186
200.307 368.334
192.264 367.607
185.161 365.289
183.980 364.477
184.247 364.300
175.442 363.083
165.689 362.359
161.479 364.543
162.388 364.499
177.220 353.621
196.147 329.996
210.056 301.248
221.158 272.637
225.151 253.420
277.808 24.042
312.314 30.671
328.628 53.579
337.595 88.329
341.567 124.644
349.279 160.940
357.096 186.253
359.442 198.686
361.506 203.139
365.048 205.993
367.483 213.990
364.474 230.292
357.725 231.000
342.270 222.836
325.822 234.912
316.004 259.512
309.986 278.879
292.357 293.611
263.358 321.384
245.550 345.563
230.649 346.120
201.335 347.278
179.623 356.675
175.444 356.595
162.448 345.627
138.581 328.632
118.111 330.133
110.301 347.763
115.346 359.047
112.503 362.366
91.899 359.419
79.082 362.641
74.572 365.735
66.511 365.906
57.516 365.199
51.118 359.188
54.060 343.305
61.747 316.950
66.038 288.924
63.568 268.245
61.269 259.130
48.214 258.385
35.275 257.891
51.407 244.842
80.099 218.097
103.373 187.084
112.691 148.907
106.945 116.109
98.918 103.111
98.054 89.218
103.092 63.119
108.776 39.767
112.436 30.462
111.677 30.080
123.824 34.822
152.604 54.737
177.740 78.178
196.778 103.164
220.291 138.346
252.504 168.095
281.124 190.424
297.945 201.187
309.733 201.664
317.423 204.627
322.632 206.770
323.782 199.000
320.674 192.502
327.984 195.735
348.791 203.657
365.409 214.999
370.583 225.400
372.192 235.148
372.125 239.141
371.838 236.464
371.785 230.005
371.775 226.115
372.170 225.443
371.698 228.973
362.895 247.426
356.743 263.690
359.384 266.857
359.511 262.747
345.607 254.047
323.362 252.177
309.489 261.842
301.695 265.208
296.453 257.987
287.803 239.484
274.628 208.962
261.912 183.352
238.631 167.013
219.183 171.470
218.175 185.998
221.105 205.438
218.074 228.209
208.195 239.134
201.598 244.373
194.600 230.147
191.875 193.767
195.706 161.648
240.600 234.747
233.334 246.035
230.487 251.037
231.837 251.853
228.466 247.931
217.994 228.950
204.386 201.319
184.691 187.674
160.066 183.212
141.339 186.463
127.050 195.866
109.318 210.301
103.982 236.262
109.747 263.217
109.400 280.570
101.615 288.703
96.963 289.363
92.596 294.716
77.887 316.690
74.141 342.769
87.191 357.304
95.489 361.171
98.813 361.089
86.697 357.871
55.082 345.066
38.188 327.455
43.386 298.579
47.732 263.518
39.410 245.296
29.923 241.385
26.948 239.551
23.383 233.118
31.683 223.847
50.065 210.043
62.169 197.158
72.445 192.443
89.886 187.316
111.376 168.649
125.898 139.807
132.027 122.667
133.772 120.154
135.639 121.553
140.522 124.045
141.639 123.244
154.042 120.533
190.217 129.182
215.579 147.733
228.286 170.866
256.082 188.888
282.684 195.021
290.762 189.370
290.499 179.331
299.690 174.566
322.674 163.023
343.263 154.417
355.265 153.935
363.771 151.414
366.125 151.172
363.688 152.787
360.919 155.498
361.601 165.282
365.374 184.648
362.224 208.727
358.816 223.532
360.647 225.086
361.510 221.512
360.784 216.379
356.420 213.209
355.712 219.042
358.943 232.656
360.594 245.892
359.742 256.348
358.197 263.802
358.575 274.669
355.957 289.484
351.137 306.608
348.013 327.985
350.236 346.153
352.210 357.567
346.551 361.945
341.083 361.456
333.625 362.677
321.459 362.699
312.553 357.992
310.023 354.114
312.385 352.982
313.014 355.935
300.729 357.594
283.491 354.817
277.471 356.782
273.615 356.259
270.668 351.955
271.009 348.453
270.158 345.619
269.685 345.575
269.561 348.472
264.693 349.348
262.125 343.653
268.880 332.833
275.844 311.522
263.445 145.531
259.367 148.298
253.771 147.297
254.575 158.402
257.076 184.966
265.818 222.235
279.264 251.777
280.173 258.844
278.629 252.768
294.580 249.489
332.162 254.875
360.574 247.717
362.654 235.360
361.085 234.622
365.562 238.610
370.195 246.688
370.061 265.101
359.015 291.388
349.323 312.628
353.145 322.136
357.136 324.608
355.493 329.917
355.175 333.180
356.675 334.655
351.814 332.464
336.406 325.491
325.465 332.334
323.675 334.306
322.513 320.803
321.729 311.504
319.746 304.539
319.221 296.250
317.712 284.563
306.694 266.191
290.613 253.225
281.036 248.498
278.426 245.014
276.886 251.463
276.449 266.646
277.509 274.544
278.440 281.135
290.351 303.060
310.708 327.943
317.300 348.853
309.293 359.065
289.878 344.743
271.781 323.594
269.111 310.441
258.481 303.966
233.856 293.492
208.448 281.357
181.159 281.475
163.448 289.581
164.220 284.033
171.524 253.915
174.199 216.312
171.904 186.776
171.797 167.317
170.931 161.823
176.551 161.116
193.798 141.334
207.639 105.021
215.119 62.197
218.819 31.404
219.816 23.243
221.515 22.686
218.890 22.397
208.140 23.417
189.808 32.477
167.684 37.015
152.037 30.594
142.889 36.467
136.605 56.526
136.590 78.192
149.106 104.671
159.003 130.041
158.331 143.348
147.129 149.901
119.695 150.622
86.819 152.719
51.623 152.157
35.540 136.920
47.198 127.727
56.576 124.464
64.987 101.434
79.790 82.855
102.152 84.777
121.794 74.936
126.806 58.134
126.753 53.637
137.586 61.674
163.436 60.940
190.791 44.026
204.953 28.741
205.636 21.588
207.631 25.567
220.312 49.883
229.764 89.664
221.534 122.784
213.789 152.764
209.358 359.157
221.409 358.675
236.385 355.738
249.415 355.769
252.690 350.745
241.773 330.609
231.201 315.692
238.008 304.617
260.168 283.057
290.114 255.215
318.471 236.222
333.636 226.890
337.898 221.462
347.017 226.711
362.924 243.954
371.055 249.919
368.449 233.189
364.163 211.597
361.489 203.025
346.041 201.453
334.959 180.790
348.352 151.766
363.150 139.249
364.499 129.719
361.490 115.766
360.485 106.218
360.291 102.473
359.434 97.008
357.381 77.437
356.760 48.911
356.073 27.886
355.579 19.676
351.971 24.611
339.555 43.914
328.727 61.387
320.191 75.406
305.678 94.193
292.691 114.898
280.193 141.570
258.833 171.275
240.575 192.465
231.410 197.978
215.985 197.906
196.107 197.886
185.755 196.045
181.865 193.776
181.185 194.001
182.323 198.711
181.752 205.559
180.912 207.086
182.200 196.751
186.803 174.789
197.869 149.902
221.616 139.644
233.558 133.252
239.063 111.563
259.508 94.502
284.159 92.491
305.216 95.537
312.228 95.010
311.820 83.143
311.195 69.276
307.251 64.838
289.516 67.902
262.493 72.226
249.288 66.685
247.845 57.603
243.269 57.127
239.664 59.086
240.402 61.387
240.993 77.643
239.296 104.943
235.415 127.575
228.447 140.636
209.381 136.592
178.801 131.584
152.126 125.695
133.604 108.014
121.703 94.459
110.910 78.046
96.973 62.411
96.121 74.849
110.010 102.530
111.279 122.612
119.663 136.902
145.249 132.912
152.705 118.512
155.551 116.413
170.292 121.349
191.965 129.960
214.859 138.296
230.092 153.485
231.739 180.573
223.896 216.977
213.895 264.608
209.185 293.551
209.138 297.244
197.429 295.866
176.327 288.695
162.851 288.013
71.615 38.520
56.916 50.077
42.211 42.653
34.384 34.120
29.721 41.107
25.861 45.089
25.520 42.343
25.261 39.068
24.522 38.851
25.773 45.889
32.142 53.415
33.456 57.717
31.976 63.021
38.777 65.110
43.609 64.349
45.772 63.002
49.591 60.504
50.685 60.663
47.406 63.203
44.511 64.082
44.916 63.524
44.763 63.714
44.561 63.910
44.137 63.052
40.769 65.961
36.109 71.315
34.483 75.359
34.309 80.010
34.471 82.797
35.931 82.230
38.796 80.847
37.340 93.871
33.100 114.050
38.644 129.684
40.909 144.665
39.744 148.817
39.190 158.528
37.558 199.695
36.294 237.252
34.625 250.751
36.299 259.349
36.980 267.491
37.636 285.782
37.467 308.808
42.994 324.791
47.744 337.419
42.701 344.057
41.331 344.916
47.478 345.448
52.992 345.218
56.209 343.666
58.094 342.119
58.276 341.904
58.370 337.944
58.855 333.886
60.240 331.831
61.090 330.304
58.791 332.764
54.737 336.969
54.095 345.174
55.433 353.895
53.715 356.780
51.695 357.089
53.150 356.888
55.004 357.020
62.018 357.188
71.443 355.181
75.167 346.026
85.158 337.227
103.761 338.886
124.666 339.843
148.578 330.715
165.346 320.777
170.960 314.308
176.554 310.815
177.640 310.268
171.897 312.577
166.498 314.464
160.073 316.674
158.456 315.505
158.650 308.384
155.007 304.083
153.902 303.931
152.814 306.861
151.818 314.339
155.955 320.688
160.693 319.966
161.083 319.720
160.745 321.620
160.509 321.303
155.151 317.133
158.160 306.005
170.133 286.405
183.604 260.588
203.964 231.599
215.694 209.845
223.061 190.582
234.539 171.963
239.294 164.814
238.496 161.652
203.583 141.205
225.919 123.194
241.351 115.436
241.510 110.441
248.578 98.869
254.329 93.674
249.880 94.620
231.140 107.755
202.885 126.965
188.692 151.693
181.895 176.304
157.211 182.575
126.150 185.738
96.659 180.934
60.211 165.722
35.652 155.325
37.879 136.731
46.539 112.180
52.714 100.468
75.303 110.122
107.496 128.049
125.162 135.451
143.603 147.023
178.370 159.230
220.629 164.300
265.811 174.608
297.611 187.532
310.263 194.726
321.984 203.059
341.043 219.214
344.358 220.028
322.557 197.719
288.422 179.225
262.667 160.163
264.114 136.858
273.021 123.026
270.218 113.067
261.305 91.133
258.639 71.286
258.317 74.742
254.504 96.626
243.420 122.605
223.372 136.564
199.877 141.101
178.245 142.205
149.609 149.307
119.968 159.709
110.442 160.804
112.928 149.241
125.304 132.810
133.389 125.889
126.653 133.787
132.013 159.142
147.507 187.759
160.290 209.454
178.269 228.180
193.290 244.877
208.653 271.078
221.516 294.328
217.574 280.958
208.968 257.021
210.658 249.996
215.779 242.252
213.453 228.560
210.121 216.058
213.450 209.654
216.785 207.106
217.140 205.635
217.729 199.904
216.194 190.295
222.082 181.063
226.636 175.722
222.254 174.057
221.530 173.807
220.880 173.771
219.849 173.696
218.346 173.833
217.069 173.611
216.252 173.707
216.734 173.525
216.123 174.180
213.912 175.227
215.708 174.333
218.878 174.604
222.124 178.143
223.284 181.269
223.881 182.370
225.249 181.870
223.841 181.856
219.138 183.473
216.995 184.843
217.578 184.409
213.972 182.628
213.549 182.583
216.252 183.261
219.384 183.055
222.830 178.980
218.476 171.520
208.428 165.457
204.063 159.941
275.766 288.088
269.082 284.290
266.142 281.446
259.580 282.076
258.384 281.077
260.557 279.077
257.127 282.176
253.106 285.554
255.645 282.208
256.943 274.230
243.486 256.844
220.986 229.294
205.894 198.565
201.339 175.854
204.528 162.126
207.707 149.430
223.703 141.388
254.388 145.447
276.587 147.828
283.727 141.735
285.844 140.614
303.538 131.650
330.719 125.662
346.844 129.437
356.303 116.658
364.515 105.317
366.838 101.647
363.386 86.405
359.938 72.437
358.272 64.521
358.505 54.881
358.305 44.994
358.442 35.168
357.137 30.061
352.985 28.425
352.421 24.799
349.573 21.896
345.257 20.334
344.198 19.363
341.425 17.406
338.988 16.389
335.682 20.090
328.385 27.756
318.077 30.154
308.878 33.753
308.065 53.077
305.346 84.379
290.171 112.359
275.453 127.654
268.028 136.697
264.343 140.407
262.702 141.491
259.501 141.578
256.647 139.340
255.600 137.607
256.016 136.806
257.974 136.682
257.846 136.363
249.616 125.974
241.930 112.673
241.608 112.496
241.742 116.980
242.237 118.159
241.129 119.208
238.224 114.285
235.872 93.105
229.801 68.095
218.867 52.212
203.910 48.096
191.040 55.239
187.816 71.296
191.419 90.684
194.487 114.415
189.453 130.879
178.718 129.778
175.150 123.155
167.325 120.477
141.792 128.476
117.216 140.433
117.922 146.377
139.769 146.315
162.349 154.884
170.386 165.339
162.502 166.611
146.601 173.736
126.022 204.422
108.198 242.986
102.242 262.750
100.720 274.374
85.262 304.631
66.975 342.430
65.999 358.829
78.279 360.864
89.721 359.720
96.718 358.809
99.322 359.025
97.475 350.915
91.635 335.199
85.228 322.999
82.072 311.913
343.824 314.872
340.680 316.342
343.718 316.580
351.628 308.061
354.263 294.766
360.873 283.506
366.887 274.143
365.634 263.849
362.659 259.268
360.010 260.247
359.749 252.463
357.470 245.196
346.393 247.996
346.654 240.757
358.576 233.418
360.895 232.840
365.105 229.882
370.347 230.737
368.254 232.575
357.164 237.109
340.281 242.357
329.903 245.178
328.084 249.726
328.310 251.251
325.432 252.242
325.327 251.327
329.554 245.697
329.419 244.632
320.062 255.134
298.020 262.578
268.756 245.309
236.358 218.328
213.064 201.932
207.981 195.195
209.593 189.694
209.429 190.352
200.651 202.653
186.831 212.421
179.376 215.070
182.349 216.771
191.881 208.076
190.272 189.310
180.355 162.792
175.008 126.847
197.283 96.609
236.036 92.487
252.539 100.128
250.595 97.766
248.426 98.049
252.271 99.528
245.927 87.803
231.851 78.576
205.623 91.483
175.798 116.152
158.418 136.204
130.808 153.860
90.099 146.984
63.548 122.876
56.908 115.713
63.393 121.800
81.739 126.859
84.051 136.214
81.277 165.274
87.591 194.318
89.931 214.566
105.784 213.738
126.858 196.659
142.007 183.207
161.486 164.593
174.804 148.567
178.651 138.327
182.821 134.824
190.714 154.479
197.574 181.525
200.695 189.540
198.908 194.308
199.741 202.278
216.143 209.412
232.986 214.617
226.988 192.867
218.843 163.672
225.857 148.018
250.631 123.106
285.615 100.093
304.321 88.740
305.384 83.469
301.499 83.004
300.594 84.322
314.368 72.837
339.317 50.802
350.636 35.503
350.020 25.133
351.173 20.438
353.881 19.642
356.218 21.011
359.255 21.099
360.460 20.286
356.041 19.299
353.634 17.528
356.461 16.474
333.777 295.573
310.779 277.093
296.359 252.054
300.585 234.800
300.183 223.228
292.000 214.943
288.827 211.532
287.748 211.721
286.740 211.552
285.886 211.810
285.668 211.742
285.204 212.001
285.132 211.952
285.501 211.733
285.233 212.272
286.019 212.029
287.438 212.504
281.126 210.118
265.737 202.037
250.852 194.732
242.534 187.978
238.296 182.451
234.184 180.871
233.891 179.942
235.389 179.862
234.763 180.943
234.114 181.519
233.847 181.503
232.939 180.220
232.479 176.013
234.517 172.146
236.301 171.359
236.027 171.404
235.516 171.454
234.729 172.020
234.396 171.955
235.030 170.768
235.159 170.076
234.752 169.872
227.605 168.922
214.492 177.438
214.322 200.332
211.800 226.442
187.875 235.005
164.877 212.666
154.888 178.668
162.043 152.240
186.336 125.451
207.436 101.128
212.718 83.187
212.745 65.310
209.736 55.425
211.529 56.951
235.163 77.009
258.051 101.330
269.190 124.596
282.744 148.017
291.817 157.920
292.709 162.952
283.644 176.532
267.846 206.307
255.532 243.377
238.022 277.225
217.469 297.011
207.761 302.369
205.262 301.369
209.541 298.104
221.229 294.787
230.556 291.171
242.049 275.657
247.078 245.649
244.586 215.342
251.630 201.663
249.006 196.541
226.019 183.031
202.028 174.947
189.970 172.987
189.393 175.668
191.052 184.840
184.729 193.295
178.904 181.888
168.486 155.055
141.221 135.151
116.731 114.431
109.424 103.813
108.661 101.518
118.174 102.139
132.162 98.297
143.181 85.910
147.629 81.943
143.921 80.582
145.225 77.185
156.196 69.673
183.572 75.893
210.979 90.810
219.999 78.404
224.514 51.375
235.981 38.074
237.409 29.300
243.025 21.783
142.308 289.580
142.281 289.216
141.345 281.295
148.803 252.734
158.705 216.451
163.692 204.852
168.643 206.214
171.714 201.701
176.609 185.330
174.765 155.752
168.972 132.501
168.669 124.594
169.698 124.918
170.879 125.287
171.037 125.331
165.930 120.039
154.563 125.634
151.106 143.061
152.790 151.481
136.463 161.010
113.479 179.610
94.949 198.229
80.958 206.988
80.170 205.907
85.253 184.928
105.733 146.807
125.076 123.728
126.697 106.952
123.197 89.453
121.211 85.173
144.164 94.514
177.923 106.732
197.308 113.615
200.835 135.114
199.597 160.327
197.345 170.928
192.320 175.274
195.524 173.673
201.070 164.047
212.087 148.484
235.561 150.875
255.611 173.773
267.705 192.634
272.010 211.340
252.390 232.840
216.776 255.314
202.120 279.747
207.848 305.612
199.660 337.602
183.266 360.112
177.891 364.849
174.078 364.611
157.434 349.690
154.345 318.822
173.463 297.209
175.866 293.530
153.087 304.006
126.603 325.241
102.502 335.937
85.106 334.244
78.265 334.208
75.494 329.053
75.578 324.793
60.800 332.240
45.467 344.114
45.660 354.606
46.258 347.172
54.235 311.972
70.309 268.369
85.321 232.956
98.963 202.466
123.462 171.435
148.886 141.375
159.999 108.461
159.228 72.168
140.542 47.745
115.916 38.760
101.060 40.004
96.392 38.526
99.632 34.082
126.939 34.628
170.352 54.909
197.284 91.656
204.803 120.955
206.443 144.362
205.985 161.437
206.801 161.300
210.256 153.005
210.096 153.665
207.966 159.755
213.191 159.093
229.721 145.685
258.828 139.126
301.361 142.463
337.870 136.657
351.816 117.035
341.555 93.334
328.604 71.447
329.265 57.480
329.823 51.502
82.400 244.897
83.322 229.486
76.059 237.220
76.291 242.931
79.981 239.431
100.876 220.023
122.949 192.735
131.452 165.158
141.087 144.660
150.674 133.745
167.706 131.127
187.453 148.073
206.842 168.386
232.757 178.037
262.255 181.310
299.799 177.134
338.192 177.974
361.105 184.656
369.258 192.367
368.606 192.467
364.667 182.182
361.101 162.778
359.642 142.090
362.255 133.858
359.039 133.745
354.102 134.027
353.146 131.741
352.414 119.703
354.028 102.949
356.431 90.866
357.792 83.370
359.814 80.215
359.193 75.018
354.510 62.334
353.623 46.975
355.749 34.695
352.602 25.303
348.076 21.846
345.468 19.759
342.963 16.268
343.551 15.614
347.889 17.963
351.149 20.488
351.921 23.416
349.487 23.786
340.328 24.326
329.426 24.010
325.477 20.066
328.697 21.611
334.861 23.853
339.827 23.700
338.973 22.108
335.868 29.513
335.743 46.670
330.467 59.953
321.256 70.789
313.357 80.824
304.275 89.592
303.136 94.860
305.663 95.821
302.109 96.885
299.048 95.418
293.621 95.795
285.629 96.883
284.043 95.305
282.781 92.847
280.172 87.995
281.027 84.525
280.370 84.991
279.092 85.565
278.946 85.321
277.642 86.054
277.603 85.299
277.217 84.569
274.467 85.076
274.010 83.872
275.027 82.392
274.989 82.774
275.224 82.664
274.982 82.248
275.402 81.951
276.662 81.627
275.799 81.829
274.191 81.871
273.599 81.728
274.821 82.642
277.303 83.951
278.344 82.186
279.734 74.301
282.320 62.614
284.492 54.267
283.255 52.008
281.570 53.358
283.553 55.906
284.066 57.449
282.412 57.620
281.540 57.298
280.523 56.513
278.724 53.642
277.254 48.566
164.973 137.129
165.674 139.019
166.956 139.942
169.230 139.536
176.348 142.084
187.630 150.447
196.621 163.438
200.462 172.438
201.840 176.799
202.856 181.925
200.731 181.206
195.005 179.666
189.314 181.793
190.240 182.404
190.636 179.697
187.905 177.861
190.482 179.732
190.945 188.403
185.754 189.569
186.513 179.174
189.870 179.445
193.225 187.428
194.358 191.035
188.574 188.197
185.371 184.072
184.636 184.144
184.302 185.554
186.893 188.571
191.251 193.621
193.782 196.334
194.117 196.991
193.270 196.208
192.077 196.974
192.554 199.667
191.918 205.346
190.586 210.958
192.309 209.435
191.384 212.330
169.490 226.362
143.493 232.874
138.684 233.987
142.205 239.485
142.109 239.220
139.084 235.316
139.040 234.302
140.746 234.487
144.964 236.376
149.475 238.183
145.542 236.455
134.527 230.174
125.684 222.539
120.947 216.456
116.180 208.969
112.545 203.346
111.454 205.492
115.801 211.697
129.927 222.653
146.150 232.322
159.145 233.265
167.695 231.162
181.394 222.130
192.969 213.333
193.808 210.981
195.457 208.033
197.001 202.434
199.541 194.635
202.855 193.294
208.781 194.817
211.285 187.428
204.269 177.843
187.414 179.455
169.842 187.855
161.680 191.597
158.212 191.431
163.217 184.410
177.986 163.925
193.589 142.669
201.736 134.792
201.913 134.689
201.576 135.740
202.332 136.315
201.938 137.081
203.328 138.192
221.847 135.432
252.046 149.664
268.387 175.704
277.236 197.549
291.199 221.739
301.884 246.950
302.255 277.694
295.473 293.848
275.644 297.802
247.080 308.167
220.463 315.065
192.371 318.842
167.193 319.440
149.545 312.865
146.411 301.133
145.434 293.530
141.395 291.519
350.802 293.114
328.822 298.344
308.039 285.442
290.995 265.186
282.564 260.308
284.597 257.382
287.078 251.220
285.043 249.440
279.008 249.409
278.754 235.568
277.507 213.078
278.721 195.421
285.062 169.964
290.891 137.679
296.207 110.471
295.177 88.926
290.698 86.227
292.147 102.226
295.198 113.228
287.512 126.584
270.378 145.289
253.421 150.181
242.916 145.416
235.993 143.546
232.786 144.827
233.007 145.046
232.572 145.191
232.193 144.874
231.965 144.895
231.944 145.849
233.426 143.745
235.965 135.920
235.973 128.941
230.878 127.594
225.003 125.606
222.189 119.522
224.797 110.527
224.641 100.056
216.703 83.092
230.488 61.336
255.928 51.566
262.267 50.587
263.839 52.575
275.391 64.403
290.546 67.871
301.100 77.175
304.783 110.268
309.573 132.786
309.605 137.901
299.144 135.890
295.632 137.564
303.049 144.851
306.812 147.406
304.413 145.489
305.151 143.735
305.727 145.617
308.184 148.970
315.963 151.182
322.019 152.741
326.790 147.576
333.179 141.445
334.786 138.117
331.018 135.803
321.787 140.491
324.254 146.775
346.039 156.025
362.747 166.237
368.107 172.482
365.284 182.845
355.600 197.077
341.930 199.370
325.352 194.675
313.479 199.121
303.226 196.825
285.345 176.342
257.730 150.818
230.091 130.814
218.318 119.948
213.297 114.601
206.825 109.624
201.268 109.495
199.815 116.493
202.357 123.735
202.230 126.084
201.166 125.465
200.626 125.040
200.902 125.241
208.455 134.146
215.944 156.931
208.731 183.285
178.975 198.340
139.434 210.803
120.239 226.156
116.565 231.491
109.368 221.563
90.329 206.091
62.636 195.347
38.369 183.414
27.190 180.742
27.067 176.435
134.078 47.405
162.676 55.849
183.584 58.607
187.868 57.449
191.952 54.267
201.462 53.638
202.425 56.931
189.450 73.023
179.398 99.911
173.385 127.631
165.705 161.043
170.811 179.270
178.134 172.202
178.395 163.648
196.388 164.091
230.999 178.482
259.489 196.146
277.640 207.423
286.208 211.003
286.485 208.274
286.291 208.623
283.368 223.514
280.474 246.483
290.963 265.284
307.644 258.609
321.654 237.560
343.460 235.096
364.193 239.143
370.458 239.701
368.748 234.411
359.012 226.834
344.507 218.776
344.412 208.154
350.247 198.105
346.477 191.580
349.945 185.903
363.782 182.527
371.339 188.323
368.238 217.288
355.865 251.267
348.784 266.596
356.430 272.296
359.461 276.630
349.316 273.388
327.391 266.121
301.086 270.374
284.181 292.662
278.135 322.185
267.135 328.634
245.228 331.864
217.060 346.929
195.181 352.227
186.323 351.201
181.867 352.136
181.222 359.100
181.277 363.192
172.144 358.510
159.377 357.231
152.171 359.133
145.191 344.043
137.469 318.267
123.667 302.239
109.052 291.783
100.216 288.886
96.932 287.791
99.472 283.696
103.957 284.103
100.218 293.277
88.924 310.961
86.990 309.488
106.647 284.708
133.719 261.602
153.837 241.309
183.111 232.351
219.727 237.967
248.073 240.740
260.388 234.377
264.129 227.261
269.934 227.918
271.448 228.588
267.778 225.805
251.028 227.948
235.201 230.447
229.560 226.399
218.494 218.332
201.294 199.130
177.507 165.195
153.445 125.993
148.032 101.719
150.725 100.077
138.603 109.909
123.696 109.338
117.952 98.516
113.953 93.597
105.205 83.559
98.601 65.025
92.721 47.376
85.562 39.063
80.173 36.104
78.253 31.885
361.463 306.324
360.300 312.510
358.971 315.069
358.605 316.004
356.572 316.042
355.769 321.412
357.480 327.819
359.256 331.571
360.774 335.004
357.094 334.498
351.661 331.261
350.984 329.757
351.966 330.824
353.564 332.414
354.104 331.153
351.787 326.773
347.783 322.275
347.332 325.633
350.455 343.038
351.293 358.467
349.576 363.812
344.422 365.887
334.653 368.101
319.492 365.324
307.438 359.685
301.957 361.832
293.220 364.800
285.047 361.193
283.694 358.237
286.781 357.980
287.977 358.169
278.499 357.418
272.499 355.503
280.969 351.249
284.325 346.302
279.691 341.211
277.154 337.236
277.237 341.548
275.954 346.688
276.143 345.459
278.542 342.913
276.450 340.169
274.984 337.559
278.925 338.125
281.673 336.225
279.852 333.458
277.386 332.425
275.888 329.937
275.185 328.826
274.530 328.654
274.822 326.943
275.835 326.716
276.888 327.565
277.765 326.811
277.585 325.717
276.707 325.914
275.626 326.459
274.951 326.569
274.914 326.332
275.542 326.007
276.171 325.972
276.858 326.807
278.733 328.192
279.216 328.795
277.035 328.441
275.175 327.350
275.117 325.463
275.647 324.862
275.747 326.432
277.836 328.603
285.746 329.481
292.678 327.730
288.277 326.099
278.270 326.212
273.321 324.430
275.525 320.596
279.952 316.817
283.078 317.307
283.029 321.116
279.053 322.262
275.734 321.054
274.805 319.133
275.373 315.570
278.583 311.664
278.594 310.635
273.720 308.795
270.667 303.437
272.823 300.739
276.779 303.060
275.052 303.111
271.772 302.365
271.979 303.236
273.759 304.314
277.494 307.636
280.189 311.189
277.448 312.953
272.252 306.622
271.959 295.162
280.893 295.102
287.871 307.116
319.354 345.747
330.561 361.785
336.595 362.265
347.785 357.909
357.990 352.479
365.999 346.423
367.114 339.347
360.006 326.401
359.098 311.532
361.037 302.811
360.637 296.750
362.508 288.810
362.146 279.779
363.198 276.598
363.116 282.668
362.607 286.719
364.326 282.547
366.437 276.816
365.170 277.663
360.100 283.351
356.278 288.154
343.949 299.820
323.550 311.896
302.779 314.472
286.747 309.620
272.746 297.840
257.538 282.107
244.881 269.015
236.947 261.073
226.060 259.025
213.619 257.737
211.436 253.335
212.723 252.311
212.373 253.269
212.051 253.736
211.956 253.833
211.461 255.080
211.016 255.943
211.168 255.141
211.130 254.712
211.059 254.749
210.976 255.927
210.916 256.784
211.207 256.068
209.216 254.934
207.890 241.622
217.702 223.617
226.209 219.638
222.231 221.301
221.315 226.562
222.716 237.642
219.331 248.227
217.972 253.146
220.480 253.035
216.354 255.965
202.748 252.267
194.334 238.089
188.679 226.534
179.455 220.601
177.989 216.962
181.238 211.532
180.364 209.040
175.680 212.477
173.449 213.036
175.073 210.168
174.873 210.043
172.894 211.093
170.786 211.858
169.253 212.084
168.660 212.226
168.742 212.129
169.696 213.488
167.962 217.947
160.001 230.718
145.677 255.198
128.600 277.251
103.380 292.984
70.155 307.900
46.243 315.001
39.496 308.462
50.451 283.542
66.690 253.741
75.819 241.075
74.974 240.294
70.680 241.785
67.409 244.459
67.591 243.961
71.094 241.846
71.752 240.858
69.932 236.523
72.562 219.644
94.203 204.364
116.243 206.201
119.456 212.115
121.279 215.077
124.115 215.744
124.608 211.454
128.376 206.705
134.760 204.033
136.593 202.222
301.039 198.626
299.209 187.175
288.683 182.790
260.188 179.504
232.646 172.368
213.186 149.873
204.661 127.832
204.847 125.032
198.456 126.343
168.697 135.594
134.552 146.946
111.955 144.743
100.553 141.759
98.461 134.937
98.255 115.235
81.640 82.009
63.265 48.136
66.537 33.352
70.397 31.775
71.894 32.832
91.838 49.046
123.075 76.299
141.350 90.915
144.494 93.161
141.541 102.712
135.552 116.293
124.697 120.695
114.338 136.304
113.585 168.429
120.097 196.516
118.751 205.020
119.204 202.071
125.109 200.113
121.757 196.421
109.960 187.992
110.663 182.309
133.161 184.094
158.134 186.164
167.784 189.717
169.144 192.653
171.133 194.110
170.846 194.411
168.576 191.503
171.146 186.606
175.575 191.067
171.748 193.009
172.673 191.761
177.185 204.662
175.180 216.802
174.188 217.570
176.922 213.697
181.467 208.817
182.159 208.419
182.639 210.757
184.239 208.687
183.243 209.581
180.643 211.396
181.308 208.107
183.062 207.181
173.653 198.364
166.598 189.815
171.102 191.315
176.204 194.947
179.371 195.757
182.096 191.069
182.200 194.772
181.460 199.262
181.982 198.752
181.805 202.040
184.987 203.680
188.959 204.508
187.445 210.004
186.550 213.683
186.703 214.557
184.321 218.957
183.904 220.989
191.049 209.127
198.342 195.735
196.987 199.696
195.000 205.366
195.803 206.212
193.329 210.568
187.835 211.480
182.214 194.492
181.517 165.008
193.965 161.617
205.447 173.109
205.670 168.127
204.226 160.729
205.420 160.273
205.534 157.603
200.266 154.525
200.992 153.664
200.537 152.072
193.511 148.878
190.032 143.741
184.943 140.792
182.229 139.782
177.437 139.338
167.978 137.843
222.744 115.300
247.397 111.267
283.562 116.907
306.632 129.442
320.116 145.280
343.443 158.298
364.731 168.970
369.989 182.323
365.718 201.634
363.441 218.932
355.458 226.339
345.888 244.792
342.654 263.732
327.699 266.415
308.676 272.314
299.967 281.820
292.976 293.507
294.685 316.289
300.146 341.936
300.950 358.291
299.877 364.337
299.869 364.505
306.309 364.807
305.985 362.607
303.708 359.115
304.898 357.695
303.301 350.444
309.631 343.790
308.564 349.894
278.248 353.680
248.109 350.167
229.363 346.931
208.676 347.412
191.041 351.618
180.862 354.787
178.561 357.669
164.753 359.117
138.440 360.466
124.678 363.504
126.287 365.640
132.897 366.798
136.297 364.159
134.568 362.279
128.533 361.225
124.537 354.244
123.312 348.972
117.010 350.623
103.694 355.816
92.231 357.219
90.418 353.395
82.912 351.559
69.972 354.894
61.372 355.420
54.632 354.407
49.080 354.519
41.417 353.250
37.612 351.777
41.465 340.807
45.628 321.028
45.181 299.728
30.960 283.076
22.098 272.443
26.469 264.064
29.106 259.363
35.690 261.880
43.527 267.510
50.777 261.385
56.694 251.648
57.848 248.739
59.175 246.948
61.685 246.637
61.086 247.819
54.455 248.742
50.276 248.874
55.673 247.316
58.936 244.209
69.403 243.912
84.700 246.697
85.472 250.427
80.932 251.223
78.034 244.638
76.771 238.474
76.987 237.864
76.979 239.291
77.808 239.949
95.344 238.693
121.454 250.107
129.878 266.552
124.211 279.248
125.468 287.012
131.645 282.999
128.725 284.928
140.795 297.735
168.466 313.220
189.865 327.574
203.507 332.553
208.576 337.156
208.229 351.452
205.894 360.846
212.088 361.967
